0.0 0.0 0.0 0.0 0.0 3.1577547 0.0 0.0 2.4869468 0.0 0.0 0.0 0.6578983 0.0 0.0 0.0 0.0 0.0 0.0 1.0704153 0.0 0.0 0.0 0.0 0.0 0.0 2.0604627 0.0 0.0 0.0 0.0 8.316506 0.0 0.0 0.0 0.0 0.0 0.0 0.0 0.0 0.0 0.0 0.0 0.0 0.0 	1
0.0 0.0 0.0 1.1961757 0.0 0.0 0.0 0.0 0.0 0.0 0.0 0.0 0.0 0.0 0.0 0.0 0.0 0.0 0.0 1.0704153 0.0 0.80068165 0.0 0.0 0.0 0.0 0.0 0.0 0.0 0.62026113 0.0 8.316506 0.0 0.0 0.0 0.0 0.0 0.0 0.0 0.0 0.0 0.0 1.8605567 0.0 0.0 	1
0.0 0.0 0.0 0.0 0.0 0.0 0.9744211 0.0 0.0 0.0 0.0 0.0 0.0 0.0 0.0 0.0 0.0 0.0 1.1044232 0.0 0.0 0.80068165 1.5377969 0.0 0.0 0.0 0.0 0.0 0.0 0.62026113 0.0 8.316506 0.0 0.0 0.0 0.0 0.0 0.0 0.0 0.0 0.0 0.0 0.93027836 0.0 0.0 	1
0.0 0.0 0.0 0.0 0.0 0.0 0.0 0.0 0.0 0.0 0.0 0.0 0.0 0.0 0.0 12.727269 0.0 0.0 1.1044232 0.0 0.0 0.0 0.0 0.0 0.0 0.0 2.0604627 0.0 0.0 0.0 0.0 0.0 0.0 0.0 0.0 0.0 0.0 0.0 0.0 0.0 0.0 0.0 0.0 0.0 0.0 	1
0.0 0.0 2.200411 0.0 0.0 0.0 0.9744211 0.0 0.0 0.0 0.0 0.0 0.0 0.0 0.0 14.54545 0.0 1.2457955 0.0 1.0704153 0.0 0.0 0.7688984 0.0 0.73551756 0.0 0.0 0.0 0.0 0.0 0.0 0.0 0.0 0.0 0.0 0.0 0.0 0.0 3.5479517 0.0 1.0721362 0.0 0.0 0.0 0.0 	1
0.0 0.0 4.400822 0.0 0.0 1.0525849 0.9744211 0.0 0.8289823 0.0 0.0 0.0 0.0 0.0 0.0 19.999994 0.0 2.491591 3.3132696 0.0 0.8201156 0.0 0.0 0.0 1.4710351 0.0 0.0 0.0 0.0 0.0 0.0 0.0 0.0 0.0 0.0 0.0 0.0 0.0 5.913253 0.0 0.0 0.0 0.0 0.0 0.0 	1
0.0 2.8479445 6.6012335 0.0 0.0 0.0 0.0 0.0 0.0 0.0 0.0 0.69678456 0.0 0.0 0.0 5.454544 0.0 0.0 0.0 0.0 0.0 0.80068165 0.0 0.0 0.0 0.0 0.0 0.0 0.0 0.62026113 0.0 2.7721689 0.0 0.0 0.0 0.0 0.0 0.0 0.0 0.0 0.0 0.0 0.0 0.0 0.0 	1
0.0 8.543834 4.400822 0.0 0.0 0.0 0.0 0.0 1.6579646 0.0 0.0 0.0 0.0 0.0 0.0 0.0 0.0 0.0 0.0 1.0704153 0.0 0.0 0.7688984 0.0 0.0 0.0 0.0 0.0 0.0 0.0 0.0 0.0 0.0 0.0 0.0 0.0 0.0 0.0 0.0 0.0 0.0 0.0 0.93027836 0.0 0.0 	1
0.0 0.0 13.202467 0.0 1.1821645 0.0 0.0 0.0 0.8289823 0.0 0.0 0.69678456 0.0 0.0 0.0 9.090906 0.0 0.0 0.0 0.0 0.0 0.0 0.0 0.0 0.0 0.0 0.0 0.0 0.0 0.62026113 0.0 13.860845 0.0 2.2295096 0.0 0.0 0.0 0.0 0.0 0.0 0.0 0.0 0.0 0.0 0.0 	1
0.0 8.543834 6.6012335 0.0 0.0 0.0 0.0 0.0 0.0 0.0 0.0 0.0 0.0 0.0 0.0 0.0 0.0 0.0 0.0 0.0 0.0 0.0 0.0 0.0 0.0 0.0 0.0 0.0 0.0 0.0 0.0 2.7721689 0.0 0.0 0.0 0.0 0.0 0.0 0.0 0.0 0.0 0.0 0.0 0.0 0.0 	1
0.0 2.8479445 0.0 0.0 0.0 0.0 0.0 0.0 0.8289823 1.5740715 0.0 4.877492 0.0 0.0 0.6360819 1.8181813 0.0 1.2457955 0.0 1.0704153 0.0 0.0 0.0 0.0 2.9420702 0.0 0.0 0.0 0.6301744 0.0 0.0 13.860845 0.0 0.0 0.0 0.0 5.5254707 0.0 0.0 0.0 0.0 0.0 0.0 0.0 0.0 	1
0.0 0.0 0.0 0.0 0.0 0.0 0.0 0.0 0.0 0.0 0.0 0.0 0.0 0.0 0.0 0.0 0.0 1.2457955 2.2088463 0.0 2.460347 0.80068165 1.5377969 0.0 1.4710351 0.0 1.3736418 0.0 0.0 0.62026113 0.0 19.405182 0.0 0.0 0.0 0.0 0.0 0.0 1.1826506 0.0 2.1442723 0.0 0.0 0.0 0.0 	1
0.0 0.0 0.0 0.0 0.0 0.0 0.0 0.8422272 0.0 0.78703576 0.0 2.0903537 3.2894917 0.0 0.6360819 0.0 0.0 1.2457955 0.0 0.0 0.0 0.0 0.0 0.0 2.2065527 0.0 0.0 0.0 3.150872 0.0 0.0 8.316506 0.0 0.0 0.0 0.0 5.5254707 0.0 0.0 0.0 0.0 0.0 0.0 0.0 0.0 	1
0.0 0.0 0.0 0.0 0.0 0.0 0.0 0.0 0.0 0.0 0.0 0.0 0.0 0.0 0.0 0.0 0.0 0.0 2.2088463 0.0 1.6402313 0.0 0.7688984 0.0 0.0 0.0 0.6868209 0.0 0.0 0.62026113 0.0 8.316506 0.0 0.0 0.0 0.0 0.0 0.0 0.0 0.0 0.0 0.0 0.0 0.0 0.0 	1
0.0 5.695889 0.0 1.1961757 0.0 2.1051698 0.0 0.0 0.8289823 0.0 1.5116761 0.69678456 2.6315932 0.0 0.0 0.0 0.0 2.491591 0.0 0.0 0.0 0.80068165 0.0 0.0 0.73551756 0.0 0.0 0.0 0.0 0.62026113 0.0 16.633013 0.0 0.0 0.0 0.0 0.0 0.0 0.0 0.0 1.0721362 0.0 0.93027836 0.0 0.0 	1
0.0 11.391778 0.0 0.0 0.0 0.0 0.0 0.8422272 0.8289823 0.0 0.0 0.0 0.0 0.0 0.0 0.0 0.0 0.0 0.0 0.0 0.0 0.0 0.7688984 0.0 0.0 0.0 0.0 0.0 0.0 0.0 0.0 2.7721689 0.0 0.0 0.0 0.0 1.3813677 0.0 0.0 0.0 0.0 0.0 0.93027836 0.0 0.0 	1
0.0 0.0 0.0 0.0 1.1821645 1.0525849 0.0 0.0 3.3159292 0.78703576 0.75583804 0.0 0.0 0.0 0.0 12.727269 0.0 1.2457955 1.1044232 0.0 0.0 0.0 0.7688984 0.0 0.73551756 0.0 0.0 0.0 0.0 0.0 0.0 8.316506 0.0 0.0 0.0 0.0 0.0 2.459519 0.0 0.0 0.0 0.0 0.0 0.0 0.0 	1
0.0 2.8479445 0.0 0.0 1.1821645 1.0525849 0.0 2.5266817 0.8289823 0.0 0.75583804 0.0 0.6578983 0.0 0.0 0.0 0.0 2.491591 0.0 0.0 0.0 0.0 0.7688984 0.0 0.73551756 0.0 0.0 0.65721357 0.0 0.0 0.0 8.316506 0.0 0.0 0.0 0.0 0.0 2.459519 0.0 0.0 0.0 0.0 0.0 1.814048 0.0 	1
0.0 0.0 0.0 0.0 0.0 1.0525849 0.0 0.0 0.0 0.0 0.0 2.0903537 0.0 0.0 0.0 0.0 0.0 0.0 0.0 0.0 0.0 0.80068165 0.0 0.0 0.0 0.0 0.0 0.0 0.0 0.0 0.0 16.633013 0.0 0.0 0.0 0.0 0.0 3.6892784 0.0 0.0 2.1442723 0.0 0.0 0.0 0.0 	1
0.0 8.543834 0.0 0.0 0.0 0.0 0.0 0.0 1.6579646 0.0 0.0 0.0 0.0 0.0 0.0 0.0 0.0 1.2457955 0.0 0.0 0.0 0.0 0.0 0.0 2.9420702 0.0 0.0 0.0 0.0 0.0 0.0 16.633013 0.0 0.0 0.0 0.0 1.3813677 0.0 0.0 0.0 1.0721362 0.0 0.93027836 0.0 0.0 	1
0.0 5.695889 0.0 1.1961757 0.0 2.1051698 0.0 0.0 2.4869468 0.0 0.0 0.0 0.6578983 0.0 0.0 0.0 0.0 1.2457955 1.1044232 1.0704153 0.8201156 3.2027266 0.7688984 0.7650936 2.9420702 0.0 3.4341047 0.0 0.0 0.62026113 0.0 19.405182 0.0 2.2295096 0.0 0.0 0.0 0.0 1.1826506 0.0 2.1442723 0.0 0.93027836 0.907024 1.7383875 	1
0.0 5.695889 0.0 1.1961757 0.0 1.0525849 0.0 0.0 0.8289823 0.0 0.75583804 0.0 0.0 0.0 0.0 0.0 0.0 2.491591 0.0 1.0704153 0.0 0.0 0.0 0.0 0.73551756 0.0 0.0 0.0 0.0 0.0 0.0 5.5443377 0.0 0.0 0.0 0.0 0.0 0.0 0.0 0.0 0.0 0.0 0.93027836 0.0 0.0 	1
0.0 0.0 0.0 0.0 0.0 1.0525849 0.0 0.0 0.0 0.0 0.0 0.0 0.0 0.0 0.0 0.0 0.0 0.0 1.1044232 0.0 0.0 0.0 0.7688984 0.0 0.0 0.0 0.6868209 1.3144271 0.0 0.0 0.0 5.5443377 0.0 0.0 0.0 0.0 0.0 0.0 0.0 0.0 0.0 0.0 0.0 0.0 0.0 	1
0.0 0.0 2.200411 0.0 1.1821645 0.0 0.0 1.6844544 0.0 0.0 0.0 0.0 0.0 3.8883514 0.0 0.0 0.0 0.0 0.0 0.0 0.0 0.0 0.0 0.0 0.0 0.0 0.0 0.0 0.0 0.0 0.0 0.0 0.0 0.0 0.0 0.0 0.0 0.0 0.0 0.0 0.0 0.0 0.0 0.0 0.0 	1
0.0 0.0 6.6012335 0.0 2.364329 0.0 0.0 1.6844544 0.0 0.0 0.0 0.0 0.0 1.2961172 0.0 0.0 0.0 0.0 0.0 0.0 0.0 0.0 0.0 0.0 0.0 0.0 0.0 0.0 0.0 0.0 0.0 0.0 0.0 0.0 0.0 0.0 0.0 0.0 0.0 0.0 0.0 0.0 0.0 0.0 0.0 	1
0.0 0.0 0.0 0.0 0.0 0.0 0.0 0.0 0.0 0.0 0.0 1.3935691 0.0 0.0 0.0 0.0 0.0 0.0 1.1044232 0.0 0.0 0.0 0.0 0.0 0.0 0.0 0.0 0.0 0.0 0.0 0.0 2.7721689 0.0 0.0 0.0 0.0 0.0 0.0 0.0 0.0 0.0 0.0 0.0 0.0 0.0 	1
0.0 0.0 0.0 0.0 0.0 0.0 1.9488422 0.0 0.0 0.0 0.0 0.0 0.6578983 0.0 0.0 0.0 0.0 0.0 0.0 0.0 0.0 0.0 0.0 0.0 0.0 0.0 0.0 0.0 0.0 0.0 0.0 8.316506 0.0 0.0 0.0 0.0 0.0 0.0 0.0 0.0 0.0 0.0 0.0 0.0 0.0 	1
0.0 0.0 0.0 0.0 1.1821645 0.0 0.0 4.211136 2.4869468 0.0 3.0233521 0.0 0.0 0.0 0.0 0.0 0.0 0.0 0.0 1.0704153 0.8201156 0.0 0.7688984 0.0 1.4710351 0.0 0.0 2.6288543 0.6301744 1.2405223 0.0 0.0 0.0 0.0 0.0 0.0 0.0 0.0 0.0 0.0 0.0 0.0 0.0 0.0 0.0 	1
0.0 0.0 0.0 0.0 0.0 0.0 0.0 0.0 0.0 0.0 0.0 0.0 0.0 0.0 0.0 0.0 0.0 0.0 1.1044232 0.0 0.8201156 1.6013633 0.0 0.0 0.0 0.0 0.0 0.0 0.0 0.0 0.0 19.405182 0.0 0.0 0.0 0.0 1.3813677 0.0 0.0 0.0 0.0 0.0 0.93027836 0.0 0.0 	1
0.0 0.0 6.6012335 0.0 0.0 0.0 0.0 0.8422272 0.8289823 0.0 0.75583804 0.69678456 3.9473898 0.0 1.2721637 5.454544 0.0 2.491591 1.1044232 26.760382 1.6402313 0.0 0.0 0.0 2.2065527 0.0 0.0 0.0 0.6301744 0.0 0.0 0.0 0.0 0.0 0.0 0.0 1.3813677 1.2297595 0.0 0.0 0.0 0.0 0.0 0.907024 0.86919373 	1
0.0 0.0 0.0 0.0 0.0 0.0 0.0 0.0 0.8289823 0.0 0.0 0.0 0.0 0.0 0.0 0.0 0.0 0.0 0.0 0.0 0.0 0.0 3.8444922 0.0 0.0 0.0 0.0 10.515417 0.6301744 0.0 0.0 0.0 0.0 0.0 0.0 0.0 0.0 0.0 0.0 0.0 0.0 0.0 0.0 0.0 0.86919373 	1
0.0 17.087667 2.200411 0.0 0.0 8.420679 0.0 0.0 1.6579646 0.0 0.75583804 0.69678456 2.6315932 0.0 0.0 0.0 0.0 0.0 3.3132696 0.0 0.0 0.80068165 0.7688984 0.0 0.73551756 0.0 0.0 0.0 0.0 0.0 0.0 5.5443377 0.0 0.0 0.0 0.0 1.3813677 18.446392 0.0 0.0 7.5049534 0.0 0.93027836 0.0 0.0 	1
0.0 0.0 11.002055 0.0 8.275152 0.0 8.76979 5.0533633 0.8289823 0.0 0.0 2.0903537 1.3157966 0.0 0.6360819 0.0 0.0 3.7373865 1.1044232 0.0 0.8201156 0.0 0.7688984 0.0 0.73551756 0.0 0.0 0.0 1.8905232 0.0 0.0 0.0 0.0 0.0 0.0 0.0 9.669574 0.0 1.1826506 0.0 0.0 0.0 0.0 0.0 0.0 	1
0.0 0.0 0.0 0.0 0.0 0.0 0.0 0.0 0.0 0.0 0.0 0.0 0.0 0.0 0.0 0.0 0.0 0.0 1.1044232 0.0 0.0 0.0 0.7688984 0.0 0.0 0.0 0.6868209 0.0 0.0 0.0 0.0 5.5443377 0.0 0.0 0.0 0.0 0.0 0.0 0.0 0.0 0.0 0.0 0.0 0.0 0.0 	1
0.0 0.0 0.0 0.0 1.1821645 0.0 0.0 0.0 0.8289823 0.78703576 0.75583804 0.0 0.0 0.0 0.0 0.0 0.0 13.703751 0.0 0.0 0.8201156 0.80068165 0.0 0.0 0.0 0.0 0.0 0.0 0.0 0.0 0.0 0.0 0.0 0.0 0.0 0.0 0.0 0.0 0.0 0.0 2.1442723 0.0 0.0 0.0 0.0 	1
0.0 2.8479445 0.0 1.1961757 0.0 0.0 0.0 0.0 0.0 0.0 0.0 0.0 0.0 0.0 0.0 0.0 0.0 0.0 0.0 1.0704153 0.0 0.0 5.382289 0.0 0.73551756 0.0 0.0 0.0 0.0 0.0 0.0 0.0 0.0 0.0 0.0 0.0 0.0 0.0 0.0 0.0 0.0 0.0 0.93027836 2.7210722 0.0 	1
0.0 0.0 0.0 0.0 0.0 0.0 0.0 0.0 0.0 0.0 0.0 0.0 0.0 0.0 0.0 0.0 0.0 0.0 3.3132696 0.0 1.6402313 0.0 0.7688984 0.0 0.0 0.0 0.0 0.0 0.0 0.62026113 0.0 5.5443377 0.0 0.0 0.0 0.0 0.0 0.0 0.0 0.0 0.0 0.0 0.0 0.0 0.0 	1
0.0 2.8479445 0.0 0.0 0.0 8.420679 0.0 0.0 6.6318583 0.0 0.0 0.69678456 0.6578983 0.0 0.0 0.0 0.0 28.653296 1.1044232 0.0 0.0 0.0 0.7688984 0.0 0.73551756 0.0 0.0 1.3144271 0.6301744 0.0 0.0 8.316506 0.0 0.0 0.0 0.0 1.3813677 0.0 0.0 0.0 0.0 0.0 0.0 2.7210722 0.86919373 	1
0.0 0.0 0.0 0.0 0.0 1.0525849 0.0 0.0 0.0 0.0 0.0 0.0 0.0 0.0 0.0 0.0 0.0 0.0 0.0 0.0 0.0 0.0 0.0 0.0 0.0 0.0 0.0 0.0 0.0 0.0 0.0 0.0 0.0 0.0 0.0 0.0 0.0 0.0 0.0 0.0 0.0 0.0 0.0 0.0 0.0 	1
0.0 0.0 0.0 0.0 0.0 0.0 0.0 0.0 0.0 0.0 0.0 0.0 0.0 0.0 0.0 0.0 0.0 0.0 0.0 1.0704153 0.0 0.0 0.0 0.0 0.0 0.0 0.0 0.0 0.0 0.62026113 0.0 13.860845 0.0 0.0 0.0 0.0 0.0 0.0 0.0 0.0 0.0 0.0 0.0 0.0 0.0 	1
0.0 0.0 0.0 0.0 5.910823 0.0 0.0 0.0 3.3159292 0.0 0.0 1.3935691 0.6578983 0.0 0.0 0.0 0.0 1.2457955 0.0 0.0 0.0 0.0 0.0 0.0 2.2065527 0.0 0.0 0.0 0.0 0.0 0.0 0.0 0.0 0.0 0.0 0.0 0.0 0.0 0.0 0.0 0.0 0.0 0.0 0.0 0.0 	1
0.0 0.0 0.0 0.0 0.0 0.0 0.0 0.0 0.0 0.0 0.0 0.0 0.0 0.0 0.0 0.0 0.0 0.0 0.0 0.0 0.0 0.0 0.0 0.0 0.0 0.0 0.0 0.65721357 0.0 0.0 0.0 0.0 0.0 0.0 0.0 0.0 0.0 0.0 0.0 0.0 0.0 0.0 0.0 0.0 0.0 	1
0.0 0.0 0.0 0.0 0.0 0.0 0.0 0.0 0.0 0.0 0.0 0.0 0.0 0.0 0.0 0.0 0.0 0.0 2.2088463 1.0704153 0.0 0.0 1.5377969 0.0 0.0 0.0 2.7472837 0.0 0.0 1.2405223 0.0 11.0886755 0.0 0.0 0.0 0.0 0.0 0.0 0.0 0.0 0.0 0.0 0.93027836 0.0 0.0 	1
0.0 0.0 0.0 0.0 0.0 1.0525849 0.0 0.0 0.0 0.0 0.0 0.69678456 0.0 0.0 0.0 0.0 0.0 1.2457955 0.0 0.0 0.0 0.0 0.0 0.0 0.0 0.0 0.0 0.0 0.0 0.0 0.0 8.316506 0.0 0.0 0.0 0.0 0.0 0.0 0.0 0.0 0.0 0.0 0.0 0.0 0.0 	1
0.0 2.8479445 0.0 0.0 1.1821645 1.0525849 0.0 0.0 0.8289823 0.78703576 0.0 0.0 0.0 0.0 0.0 0.0 0.0 0.0 0.0 0.0 0.0 0.0 0.0 0.0 0.0 0.0 0.0 0.0 0.0 0.0 0.0 0.0 0.0 0.0 0.0 0.0 0.0 1.2297595 0.0 0.0 0.0 0.0 0.0 0.907024 0.0 	1
0.0 0.0 0.0 0.0 0.0 0.0 0.0 0.0 0.0 0.0 0.75583804 0.0 0.0 0.0 0.0 0.0 0.0 0.0 0.0 0.0 0.0 0.0 0.0 0.0 0.0 0.0 0.0 0.0 0.0 0.0 0.0 5.5443377 0.0 0.0 0.0 0.0 0.0 0.0 0.0 0.0 0.0 0.0 0.93027836 0.0 0.0 	1
0.0 2.8479445 0.0 0.0 0.0 0.0 0.0 0.0 0.0 0.0 0.0 0.0 0.0 0.0 0.0 0.0 0.0 3.7373865 0.0 0.0 0.0 0.0 0.0 0.0 0.0 0.0 0.0 0.0 0.0 0.0 0.0 8.316506 0.0 0.0 0.0 0.0 0.0 0.0 0.0 0.0 0.0 0.0 0.93027836 0.0 0.0 	1
0.0 8.543834 0.0 0.0 0.0 1.0525849 0.0 0.0 0.8289823 0.0 0.0 0.0 0.0 0.0 0.6360819 0.0 0.0 0.0 0.0 0.0 0.0 0.0 0.0 0.0 0.0 0.0 0.0 0.0 0.0 0.62026113 0.0 5.5443377 0.0 0.0 0.0 0.0 0.0 0.0 0.0 0.0 0.0 0.0 1.8605567 0.907024 0.0 	1
0.0 0.0 0.0 0.0 0.0 0.0 0.0 0.0 0.0 0.0 0.0 0.0 0.0 0.0 0.0 0.0 0.0 0.0 0.0 0.0 0.8201156 0.80068165 0.0 0.0 0.0 0.0 0.0 0.0 0.0 0.0 0.0 13.860845 0.0 0.0 0.0 0.0 0.0 0.0 0.0 0.0 0.0 0.0 0.93027836 0.0 0.0 	1
0.0 0.0 0.0 0.0 0.0 0.0 0.0 0.0 0.8289823 0.0 0.0 0.0 0.0 0.0 0.0 0.0 0.0 0.0 0.0 0.0 0.0 0.0 0.0 0.0 0.73551756 0.0 0.0 0.0 0.0 0.0 0.0 5.5443377 0.0 0.0 0.0 0.0 1.3813677 0.0 0.0 0.0 0.0 0.0 0.93027836 0.0 0.0 	1
0.0 0.0 0.0 0.0 0.0 0.0 0.0 0.0 0.0 0.0 0.0 0.0 0.0 0.0 0.0 0.0 0.0 0.0 0.0 0.0 0.0 1.6013633 0.0 0.0 0.0 0.0 0.0 0.0 0.0 0.0 0.0 8.316506 0.0 0.0 0.0 0.0 0.0 0.0 0.0 0.0 0.0 0.0 0.0 0.0 0.0 	1
0.0 0.0 0.0 0.0 0.0 1.0525849 0.0 0.0 0.0 0.0 0.0 0.69678456 0.0 0.0 0.0 0.0 0.0 0.0 1.1044232 0.0 0.0 0.0 0.7688984 0.0 0.0 0.0 0.6868209 0.0 0.0 0.62026113 0.0 8.316506 0.0 0.0 0.0 0.0 0.0 0.0 0.0 0.0 0.0 0.0 0.93027836 0.0 0.0 	1
0.0 0.0 0.0 0.0 0.0 0.0 0.0 0.0 0.0 0.0 0.75583804 0.0 0.0 0.0 0.0 0.0 0.0 0.0 0.0 0.0 0.0 0.80068165 0.0 0.0 0.0 0.0 0.0 0.0 0.0 0.0 0.0 8.316506 0.0 0.0 0.0 0.0 0.0 0.0 0.0 0.0 0.0 0.0 0.0 0.0 0.0 	1
0.0 0.0 0.0 0.0 0.0 0.0 0.0 0.0 0.0 0.0 0.0 0.0 1.3157966 0.0 0.0 0.0 0.0 4.983182 0.0 0.0 0.0 0.0 0.0 0.0 1.4710351 0.0 0.0 0.0 0.0 0.0 0.0 11.0886755 0.0 0.0 0.0 0.0 0.0 1.2297595 0.0 0.0 0.0 0.0 0.0 0.0 0.0 	1
0.0 0.0 6.6012335 0.0 0.0 0.0 0.9744211 0.0 0.0 0.0 2.2675142 0.0 0.0 0.0 0.0 0.0 0.0 0.0 1.1044232 1.0704153 0.8201156 0.0 0.7688984 0.0 0.0 0.0 0.6868209 0.0 0.0 0.62026113 0.0 33.266026 0.0 0.0 0.0 0.0 0.0 1.2297595 0.0 0.0 0.0 0.0 0.93027836 0.0 0.0 	1
0.0 0.0 0.0 0.0 2.364329 1.0525849 0.0 0.0 1.6579646 0.0 0.0 1.3935691 0.6578983 0.0 0.0 0.0 0.0 0.0 0.0 2.1408305 0.0 0.80068165 0.0 0.0 0.0 0.0 0.0 0.0 0.0 0.0 0.0 0.0 0.0 0.0 0.0 0.0 0.0 0.0 0.0 1.171695 0.0 0.0 0.0 0.0 0.86919373 	1
0.0 5.695889 0.0 0.0 0.0 0.0 0.0 0.0 0.0 0.0 0.0 0.0 0.0 0.6480586 0.0 0.0 0.0 0.0 0.0 0.0 0.0 0.0 0.0 0.0 0.0 0.0 0.0 0.0 0.0 0.0 0.0 0.0 0.0 0.0 0.0 0.0 0.0 0.0 0.0 4.68678 0.0 0.0 0.0 0.0 0.0 	1
0.0 2.8479445 2.200411 0.0 0.0 0.0 0.0 0.0 0.0 0.0 0.0 0.0 0.0 0.0 0.0 1.8181813 0.0 1.2457955 0.0 0.0 0.0 0.0 0.0 0.0 0.0 0.0 0.0 0.0 0.0 0.0 0.0 0.0 0.0 0.0 0.0 0.0 0.0 0.0 0.0 1.171695 0.0 0.0 3.7211134 0.0 0.0 	1
0.0 2.8479445 0.0 0.0 0.0 0.0 0.0 0.0 0.0 0.0 0.0 0.0 0.0 0.0 0.0 0.0 0.0 0.0 0.0 0.0 0.0 0.80068165 0.0 0.0 0.0 0.0 1.3736418 0.0 0.0 0.0 0.0 0.0 0.0 0.0 0.0 0.0 0.0 0.0 2.3653011 3.515085 0.0 0.0 0.0 0.0 0.0 	1
0.0 0.0 0.0 0.0 0.0 0.0 0.0 0.0 0.0 0.0 0.0 0.0 0.0 0.0 0.0 0.0 0.0 0.0 1.1044232 1.0704153 1.6402313 0.0 0.0 0.0 0.0 0.0 0.0 0.0 0.0 0.0 0.0 0.0 0.0 0.0 0.0 0.0 0.0 0.0 0.0 0.0 0.0 0.0 0.93027836 0.0 0.0 	1
0.0 8.543834 0.0 1.1961757 1.1821645 4.2103395 0.0 0.0 0.0 0.0 0.0 0.0 0.6578983 0.0 0.0 7.272725 0.0 0.0 0.0 0.0 0.0 0.80068165 0.7688984 0.0 0.0 0.0 0.0 1.3144271 0.0 0.0 0.0 2.7721689 0.0 0.0 0.0 0.0 2.7627354 2.459519 2.3653011 0.0 0.0 0.0 0.0 0.907024 3.476775 	1
0.0 22.783556 0.0 0.0 0.0 6.3155093 0.0 0.0 0.0 0.0 0.0 2.0903537 0.0 0.0 0.0 0.0 0.0 0.0 0.0 0.0 0.0 0.0 0.7688984 0.0 0.0 0.0 0.0 0.0 0.0 0.0 0.0 2.7721689 0.0 0.0 0.0 0.0 12.432309 6.148797 1.1826506 0.0 7.5049534 0.0 0.93027836 0.907024 1.7383875 	1
0.0 0.0 0.0 2.3923514 0.0 2.1051698 0.0 1.6844544 0.0 0.0 0.75583804 3.4839227 0.0 0.6480586 0.0 0.0 18.329247 17.441137 0.0 7.4929066 0.0 2.402045 0.0 0.0 5.148623 0.0 0.6868209 0.65721357 5.041395 0.0 0.0 0.0 0.0 2.2295096 0.0 0.0 6.9068384 0.0 1.1826506 0.0 0.0 0.0 0.93027836 0.907024 0.0 	1
0.0 0.0 0.0 0.0 0.0 0.0 0.0 0.8422272 0.8289823 0.0 0.0 0.69678456 1.3157966 0.6480586 0.6360819 1.8181813 3.33259 1.2457955 0.0 1.0704153 0.0 0.0 0.0 0.0 0.0 0.0 0.0 0.0 0.0 0.0 0.0 0.0 0.0 0.0 0.0 0.0 1.3813677 1.2297595 0.0 0.0 0.0 0.0 0.0 0.0 0.86919373 	1
0.0 2.8479445 0.0 0.0 0.0 0.0 0.0 0.0 0.0 0.0 0.75583804 0.0 0.0 0.0 0.0 0.0 0.0 2.491591 0.0 0.0 0.0 0.80068165 0.0 0.0 0.73551756 0.0 0.0 0.0 0.6301744 0.0 0.0 11.0886755 0.0 0.0 0.0 0.0 0.0 0.0 0.0 0.0 0.0 0.0 0.0 0.0 0.0 	1
0.0 0.0 2.200411 0.0 0.0 0.0 7.7953687 1.6844544 0.0 0.0 0.0 0.69678456 1.3157966 0.6480586 0.0 1.8181813 3.33259 4.983182 0.0 1.0704153 0.8201156 3.2027266 0.0 0.0 0.73551756 0.0 0.0 0.0 0.6301744 0.62026113 0.0 2.7721689 0.0 6.688529 0.0 0.0 2.7627354 1.2297595 0.0 0.0 1.0721362 0.0 0.0 1.814048 1.7383875 	1
0.0 0.0 0.0 2.3923514 0.0 0.0 0.9744211 0.8422272 0.0 0.0 0.0 2.0903537 10.526373 0.6480586 0.0 1.8181813 49.988853 3.7373865 0.0 1.0704153 0.0 0.80068165 0.7688984 0.0 2.2065527 0.0 0.0 0.0 2.5206976 0.0 0.0 0.0 0.0 0.0 0.0 1.453034 27.627354 1.2297595 1.1826506 0.0 0.0 0.0 0.0 0.907024 0.0 	1
0.0 0.0 2.200411 0.0 0.0 0.0 0.0 6.737818 0.0 0.0 0.0 0.69678456 2.6315932 0.6480586 0.0 1.8181813 9.99777 6.228977 1.1044232 2.1408305 0.0 0.0 0.0 0.0 2.9420702 0.0 0.0 0.0 0.6301744 0.0 0.0 0.0 0.0 2.2295096 0.0 0.0 1.3813677 0.0 0.0 0.0 0.0 0.0 0.0 5.4421444 0.0 	1
0.0 0.0 0.0 2.3923514 0.0 1.0525849 0.0 0.8422272 0.0 0.0 0.0 1.3935691 1.9736949 0.0 0.0 0.0 1.666295 33.63648 0.0 5.3520765 0.0 0.0 2.3066952 0.0 4.4131055 0.0 0.0 0.0 4.4112206 0.0 0.0 0.0 0.0 0.0 0.0 0.0 2.7627354 0.0 3.5479517 0.0 0.0 0.0 0.0 0.907024 0.0 	1
0.0 0.0 0.0 0.0 1.1821645 2.1051698 0.0 0.8422272 0.0 0.0 0.0 2.0903537 0.0 0.6480586 0.0 1.8181813 29.99331 2.491591 1.1044232 1.0704153 0.8201156 0.80068165 1.5377969 0.0 0.73551756 0.0 0.0 0.0 1.8905232 0.0 0.0 2.7721689 0.0 0.0 0.0 0.0 1.3813677 0.0 0.0 0.0 2.1442723 0.0 0.0 0.0 0.0 	1
0.0 0.0 0.0 0.0 4.728658 0.0 0.0 0.0 0.0 3.148143 0.0 0.0 0.0 0.6480586 0.0 0.0 4.998885 0.0 0.0 0.0 0.0 0.0 0.0 0.0 1.4710351 0.0 0.0 0.65721357 0.6301744 0.0 0.0 0.0 0.0 0.0 0.0 0.0 0.0 0.0 0.0 0.0 1.0721362 0.0 0.0 2.7210722 0.0 	1
0.0 0.0 8.801644 0.0 0.0 0.0 0.0 17.686771 0.0 0.0 0.75583804 2.0903537 0.6578983 1.2961172 0.0 1.8181813 0.0 1.2457955 0.0 8.563322 0.0 0.0 0.0 0.0 1.4710351 0.0 0.0 0.0 1.2603488 0.0 0.0 0.0 0.0 0.0 0.0 0.0 1.3813677 0.0 0.0 0.0 0.0 0.0 0.0 0.907024 0.0 	1
0.0 0.0 0.0 0.0 0.0 3.1577547 0.0 5.0533633 1.6579646 0.78703576 0.0 0.0 2.6315932 0.0 0.0 0.0 3.33259 7.474773 1.1044232 4.281661 0.0 0.0 1.5377969 0.0 2.9420702 0.0 0.0 1.3144271 1.2603488 0.62026113 0.0 0.0 0.0 0.0 0.0 0.0 5.5254707 1.2297595 3.5479517 0.0 0.0 0.0 0.0 0.907024 0.0 	1
0.0 0.0 0.0 0.0 0.0 1.0525849 0.0 0.8422272 0.0 0.0 0.0 0.0 0.6578983 0.6480586 0.0 0.0 0.0 12.457954 1.1044232 8.563322 0.0 0.0 0.0 0.0 0.73551756 0.0 0.0 0.65721357 0.0 0.0 0.0 0.0 0.0 0.0 0.0 0.0 0.0 0.0 0.0 0.0 0.0 0.0 0.0 0.907024 0.0 	1
0.0 0.0 2.200411 0.0 0.0 0.0 0.0 0.8422272 0.8289823 0.0 0.0 1.3935691 0.0 0.0 0.0 0.0 23.32813 2.491591 0.0 1.0704153 0.8201156 2.402045 0.0 0.0 0.73551756 0.0 0.6868209 0.0 2.5206976 0.0 0.0 0.0 0.0 0.0 0.0 0.0 2.7627354 0.0 0.0 0.0 1.0721362 0.0 0.0 0.0 0.0 	1
0.0 0.0 0.0 0.0 0.0 0.0 0.0 0.0 0.0 0.0 0.0 0.0 0.0 0.0 0.0 0.0 0.0 0.0 2.2088463 0.0 0.8201156 1.6013633 1.5377969 0.0 0.0 0.0 1.3736418 0.0 0.0 1.2405223 0.0 19.405182 0.0 0.0 0.0 0.0 0.0 0.0 0.0 0.0 0.0 0.0 0.0 0.0 0.0 	1
0.0 0.0 11.002055 0.0 0.0 0.0 0.0 0.8422272 0.0 0.0 0.0 4.1807075 3.9473898 0.6480586 0.0 0.0 3.33259 7.474773 1.1044232 6.4224916 0.0 0.0 0.7688984 0.0 0.73551756 0.0 0.0 0.0 1.2603488 1.8607833 0.0 0.0 0.0 0.0 0.0 0.0 1.3813677 0.0 2.3653011 0.0 0.0 0.0 0.0 1.814048 0.0 	1
0.0 5.695889 0.0 2.3923514 0.0 3.1577547 0.0 5.0533633 0.0 0.0 0.0 0.0 0.0 0.0 0.0 3.6363626 9.99777 1.2457955 0.0 2.1408305 0.0 0.0 0.0 0.0 0.73551756 0.0 0.0 0.0 0.6301744 0.0 0.0 0.0 0.0 0.0 0.0 0.0 0.0 0.0 0.0 0.0 0.0 0.0 0.93027836 0.907024 0.86919373 	1
0.0 0.0 0.0 0.0 0.0 1.0525849 0.0 0.0 0.8289823 2.3611073 3.0233521 0.0 0.0 0.0 3.1804094 0.0 73.316986 3.7373865 0.0 7.4929066 0.8201156 3.2027266 1.5377969 0.0 0.0 0.0 0.0 0.0 0.0 0.0 0.0 8.316506 0.0 0.0 0.0 0.0 1.3813677 1.2297595 1.1826506 0.0 2.1442723 0.0 0.0 0.907024 2.6075811 	1
0.0 0.0 0.0 0.0 0.0 3.1577547 0.0 1.6844544 0.0 0.0 0.0 0.69678456 0.6578983 0.6480586 0.0 0.0 8.331475 0.0 0.0 8.563322 0.0 0.0 1.5377969 0.0 0.73551756 0.0 0.0 0.0 0.0 0.0 0.0 0.0 0.0 0.0 0.0 0.0 0.0 0.0 0.0 0.0 0.0 0.0 0.0 4.53512 0.0 	1
0.0 0.0 0.0 0.0 0.0 0.0 0.0 0.8422272 0.8289823 0.0 2.2675142 0.69678456 0.0 0.0 0.0 0.0 38.324787 0.0 2.2088463 3.2112458 0.0 0.80068165 0.7688984 0.0 0.0 0.0 0.0 0.0 0.0 0.62026113 0.0 0.0 0.0 0.0 0.0 0.0 0.0 0.0 1.1826506 0.0 0.0 0.0 0.0 0.0 0.0 	1
0.0 0.0 2.200411 0.0 0.0 0.0 0.0 0.0 0.0 0.0 0.0 0.69678456 0.0 0.0 0.0 0.0 0.0 0.0 0.0 2.1408305 0.0 0.0 0.0 0.0 0.0 0.0 0.0 0.0 0.0 0.0 0.0 0.0 0.0 0.0 0.0 0.0 0.0 0.0 0.0 0.0 0.0 0.0 0.93027836 0.0 0.0 	1
0.0 0.0 0.0 2.3923514 0.0 0.0 0.0 1.6844544 0.0 0.0 0.0 0.69678456 0.6578983 0.6480586 0.0 0.0 4.998885 6.228977 1.1044232 4.281661 0.0 0.0 0.0 0.0 1.4710351 0.0 0.0 0.0 0.6301744 0.0 0.0 0.0 0.0 0.0 0.0 0.0 5.5254707 0.0 0.0 0.0 0.0 0.0 0.0 1.814048 0.0 	1
0.0 0.0 0.0 2.3923514 0.0 0.0 0.0 0.8422272 0.0 0.0 0.0 1.3935691 1.3157966 0.6480586 0.0 0.0 4.998885 6.228977 1.1044232 3.2112458 0.0 0.0 0.0 0.0 1.4710351 0.0 0.0 0.0 0.6301744 0.0 0.0 0.0 0.0 0.0 0.0 0.0 5.5254707 0.0 0.0 0.0 0.0 0.0 0.0 6.3491683 0.0 	1
0.0 0.0 0.0 0.0 0.0 1.0525849 0.0 0.8422272 0.8289823 0.0 1.5116761 4.1807075 0.6578983 1.2961172 3.8164911 0.0 166.6295 11.212159 0.0 12.844983 0.0 2.402045 0.0 0.0 4.4131055 0.0 0.6868209 0.65721357 1.2603488 0.0 0.0 5.5443377 0.0 0.0 0.0 1.453034 1.3813677 0.0 3.5479517 0.0 3.2164085 0.0 0.0 2.7210722 0.86919373 	1
0.0 0.0 6.6012335 0.0 0.0 0.0 0.0 0.8422272 0.0 0.0 0.0 3.4839227 0.0 0.0 0.0 7.272725 1.666295 3.7373865 0.0 1.0704153 0.0 0.0 0.7688984 0.0 1.4710351 0.0 0.0 0.65721357 1.2603488 0.0 0.0 0.0 0.0 0.0 0.0 0.0 2.7627354 0.0 0.0 0.0 0.0 0.0 0.0 0.0 0.86919373 	1
0.0 5.695889 0.0 0.0 0.0 0.0 0.0 0.0 0.0 0.0 0.0 0.0 0.0 0.0 0.0 0.0 0.0 0.0 0.0 0.0 0.0 0.0 0.0 0.0 0.0 0.0 0.0 0.0 0.0 0.0 0.0 13.860845 0.0 0.0 0.0 0.0 0.0 0.0 0.0 0.0 0.0 0.0 0.93027836 0.0 0.0 	1
0.0 0.0 0.0 0.0 0.0 0.0 0.0 0.0 0.0 0.0 0.0 0.0 0.0 0.0 0.0 1.8181813 3.33259 1.2457955 0.0 4.281661 0.0 0.0 0.0 0.0 0.0 0.0 0.0 0.0 0.0 0.0 0.0 0.0 0.0 0.0 0.0 0.0 0.0 0.0 0.0 0.0 0.0 0.0 0.0 1.814048 0.0 	1
0.0 0.0 0.0 0.0 0.0 2.1051698 0.0 0.8422272 3.3159292 0.0 0.0 0.0 0.0 0.0 0.0 1.8181813 0.0 3.7373865 1.1044232 4.281661 0.0 0.80068165 0.0 0.0 5.148623 0.0 0.0 0.65721357 0.6301744 0.0 0.0 2.7721689 0.0 0.0 0.0 0.0 5.5254707 0.0 0.0 0.0 1.0721362 0.0 0.93027836 0.907024 0.0 	1
0.0 0.0 2.200411 0.0 0.0 0.0 0.0 0.8422272 0.0 0.0 0.0 0.69678456 1.3157966 0.0 0.0 0.0 0.0 1.2457955 0.0 2.1408305 0.0 0.0 0.0 0.0 2.9420702 0.0 0.0 0.0 0.6301744 0.0 0.0 0.0 0.0 0.0 0.0 0.0 1.3813677 0.0 0.0 0.0 0.0 0.0 0.0 12.698337 0.0 	1
0.0 0.0 4.400822 0.0 0.0 0.0 0.0 0.8422272 0.0 0.0 0.0 0.0 0.0 0.0 0.0 1.8181813 13.33036 2.491591 0.0 7.4929066 0.0 0.80068165 0.0 0.0 0.73551756 0.0 0.0 0.0 1.2603488 0.0 0.0 0.0 0.0 0.0 0.0 0.0 2.7627354 1.2297595 0.0 0.0 0.0 0.0 0.0 0.907024 0.0 	1
0.0 0.0 0.0 2.3923514 0.0 0.0 0.0 0.8422272 0.0 0.0 0.0 0.69678456 0.6578983 0.6480586 0.0 0.0 4.998885 4.983182 1.1044232 3.2112458 0.0 0.0 0.0 0.0 1.4710351 0.0 0.0 0.0 1.8905232 0.0 0.0 0.0 0.0 0.0 0.0 0.0 5.5254707 0.0 0.0 0.0 0.0 0.0 0.0 4.53512 0.0 	1
0.0 0.0 2.200411 0.0 0.0 0.0 0.0 2.5266817 0.0 0.0 0.0 9.058199 1.3157966 0.0 0.0 0.0 31.659607 23.670115 2.2088463 3.2112458 0.8201156 0.80068165 0.0 0.0 1.4710351 0.0 0.0 0.0 0.6301744 0.0 0.0 2.7721689 0.0 0.0 0.0 0.0 1.3813677 0.0 0.0 0.0 0.0 0.0 0.93027836 0.0 0.0 	1
0.0 0.0 6.6012335 0.0 0.0 0.0 0.0 0.8422272 0.0 0.0 0.0 0.0 0.0 0.0 0.0 1.8181813 13.33036 3.7373865 0.0 7.4929066 0.0 0.80068165 0.0 0.0 0.73551756 0.0 0.0 0.0 1.2603488 0.0 0.0 0.0 0.0 0.0 0.0 0.0 2.7627354 1.2297595 0.0 0.0 0.0 0.0 0.93027836 0.907024 0.0 	1
0.0 0.0 0.0 0.0 0.0 0.0 0.0 11.791182 0.0 0.78703576 0.0 0.0 0.0 1.2961172 0.0 1.8181813 3.33259 13.703751 0.0 8.563322 0.0 0.0 0.0 0.0 0.0 0.0 0.0 0.0 0.6301744 0.0 0.0 0.0 0.0 0.0 0.0 0.0 0.0 0.0 0.0 0.0 0.0 0.0 0.0 1.814048 0.0 	1
0.0 2.8479445 0.0 0.0 0.0 0.0 0.0 0.0 0.0 0.0 0.0 1.3935691 0.6578983 0.0 0.0 0.0 0.0 1.2457955 0.0 0.0 0.0 0.0 0.0 0.0 0.73551756 0.0 0.0 0.0 0.6301744 0.0 0.0 0.0 0.0 0.0 0.0 0.0 0.0 0.0 0.0 0.0 0.0 0.0 0.93027836 0.0 0.0 	1
0.0 2.8479445 2.200411 0.0 0.0 0.0 0.0 0.0 0.8289823 0.78703576 0.75583804 0.0 1.3157966 0.0 0.0 1.8181813 21.661835 1.2457955 1.1044232 0.0 0.0 0.0 0.7688984 0.0 0.0 0.0 0.0 0.0 0.0 0.0 0.0 0.0 0.0 0.0 0.0 0.0 0.0 0.0 0.0 0.0 0.0 0.0 0.0 0.907024 0.0 	1
0.0 0.0 0.0 0.0 0.0 0.0 0.0 0.0 0.0 0.0 0.0 0.0 0.0 0.0 0.0 0.0 0.0 0.0 0.0 0.0 0.8201156 0.0 1.5377969 0.0 0.0 0.0 0.0 0.0 0.0 0.0 0.0 8.316506 0.0 0.0 0.0 0.0 0.0 0.0 1.1826506 0.0 0.0 0.0 0.0 0.0 0.0 	1
0.0 0.0 19.8037 0.0 0.0 0.0 0.0 5.0533633 0.0 0.0 0.0 5.5742764 1.3157966 3.240293 0.6360819 1.8181813 9.99777 1.2457955 2.2088463 17.126644 0.0 0.0 0.7688984 0.0 0.0 0.0 0.0 0.0 1.2603488 0.0 0.0 0.0 0.0 0.0 0.0 0.0 1.3813677 0.0 0.0 0.0 0.0 0.0 0.93027836 6.3491683 0.86919373 	1
0.0 0.0 2.200411 0.0 0.0 0.0 0.0 0.0 0.0 0.0 0.0 0.0 0.0 0.0 0.0 0.0 14.996655 9.966364 0.0 0.0 0.0 0.0 0.0 0.0 0.73551756 0.0 0.0 0.0 0.6301744 0.0 0.0 0.0 0.0 0.0 0.0 0.0 0.0 0.0 0.0 0.0 0.0 0.0 0.0 0.0 0.0 	1
0.0 0.0 0.0 2.3923514 0.0 0.0 0.0 0.8422272 0.0 0.0 0.0 0.0 0.6578983 0.0 0.0 0.0 9.99777 1.2457955 0.0 2.1408305 0.0 0.80068165 0.0 0.0 0.73551756 0.0 0.0 0.0 0.6301744 0.0 0.0 0.0 0.0 0.0 0.0 0.0 1.3813677 1.2297595 0.0 0.0 0.0 0.0 0.0 2.7210722 0.0 	1
0.0 0.0 0.0 1.1961757 0.0 0.0 0.0 5.0533633 0.0 0.0 0.75583804 0.0 0.0 1.2961172 0.0 0.0 1.666295 2.491591 0.0 5.3520765 0.0 1.6013633 0.0 0.0 2.2065527 0.0 0.0 0.0 0.6301744 0.0 0.0 0.0 0.0 0.0 0.0 0.0 0.0 0.0 0.0 0.0 0.0 0.0 0.0 1.814048 0.0 	1
0.0 2.8479445 0.0 0.0 0.0 2.1051698 0.9744211 0.8422272 5.802876 0.0 2.2675142 0.69678456 1.3157966 0.0 0.0 0.0 44.989967 3.7373865 2.2088463 1.0704153 0.0 3.2027266 0.7688984 0.0 1.4710351 0.0 0.6868209 0.0 1.2603488 0.0 0.0 0.0 0.0 0.0 0.0 0.0 1.3813677 1.2297595 0.0 0.0 2.1442723 0.0 0.93027836 0.0 0.0 	1
0.0 0.0 0.0 0.0 0.0 0.0 0.0 0.8422272 0.0 0.0 0.0 0.0 0.0 0.0 0.0 1.8181813 8.331475 1.2457955 0.0 0.0 0.0 0.0 0.7688984 0.0 0.0 0.0 0.0 0.65721357 0.0 0.0 0.0 0.0 0.0 0.0 0.0 0.0 0.0 0.0 0.0 0.0 0.0 0.0 0.0 0.0 0.0 	1
0.0 0.0 0.0 0.0 0.0 2.1051698 0.0 15.1600895 0.0 0.0 0.0 1.3935691 1.9736949 3.240293 0.0 0.0 31.659607 1.2457955 1.1044232 11.774568 0.0 0.0 0.0 0.0 1.4710351 0.0 0.0 1.3144271 1.2603488 0.0 0.0 0.0 0.0 0.0 0.0 0.0 5.5254707 1.2297595 0.0 0.0 0.0 0.0 0.0 2.7210722 0.0 	1
0.0 0.0 2.200411 3.5885272 0.0 0.0 0.0 0.8422272 0.0 0.0 2.2675142 0.69678456 3.2894917 1.9441757 0.0 3.6363626 18.329247 2.491591 0.0 13.915399 0.0 0.0 0.0 0.0 3.6775877 0.0 0.0 0.65721357 0.6301744 0.0 0.0 0.0 0.0 0.0 0.0 0.0 0.0 0.0 0.0 0.0 0.0 0.0 0.0 4.53512 0.86919373 	1
0.0 0.0 0.0 0.0 0.0 0.0 0.0 1.6844544 0.0 0.78703576 0.0 0.0 0.0 0.0 0.0 1.8181813 6.66518 0.0 0.0 0.0 0.0 0.0 0.0 0.0 0.73551756 0.0 0.0 0.0 0.0 1.2405223 0.0 0.0 0.0 0.0 0.0 0.0 0.0 0.0 0.0 0.0 0.0 0.0 0.0 0.0 0.0 	1
0.0 0.0 0.0 0.0 0.0 0.0 0.0 5.0533633 0.0 0.0 0.0 0.69678456 0.0 0.6480586 0.0 3.6363626 14.996655 1.2457955 0.0 6.4224916 0.0 0.80068165 0.0 0.0 2.2065527 0.0 0.0 0.0 2.5206976 0.0 0.0 0.0 0.0 0.0 0.0 0.0 0.0 0.0 0.0 0.0 1.0721362 0.0 0.0 6.3491683 0.0 	1
0.0 0.0 0.0 0.0 0.0 0.0 0.0 0.0 0.0 0.0 0.0 0.0 0.0 0.0 0.0 0.0 0.0 0.0 1.1044232 0.0 0.0 0.0 0.7688984 0.0 0.0 0.0 0.0 0.0 0.0 0.62026113 0.0 5.5443377 0.0 0.0 0.0 0.0 0.0 0.0 0.0 0.0 0.0 0.0 0.93027836 0.0 0.0 	1
0.0 0.0 2.200411 0.0 0.0 0.0 0.0 3.368909 1.6579646 0.0 0.0 1.3935691 7.8947797 0.6480586 0.0 1.8181813 64.985504 3.7373865 4.4176927 4.281661 0.8201156 0.80068165 2.3066952 0.0 2.2065527 0.0 0.6868209 0.0 3.150872 0.0 0.0 0.0 0.0 0.0 0.0 0.0 19.339148 1.2297595 4.7306023 0.0 1.0721362 0.0 0.0 1.814048 1.7383875 	1
0.0 0.0 0.0 0.0 1.1821645 0.0 0.0 1.6844544 0.8289823 0.0 0.0 2.0903537 0.0 1.2961172 0.0 0.0 0.0 1.2457955 1.1044232 7.4929066 0.0 0.0 0.0 0.0 0.73551756 0.0 0.0 0.0 1.2603488 0.0 0.0 0.0 0.0 0.0 0.0 0.0 1.3813677 0.0 0.0 0.0 0.0 0.0 0.0 9.07024 0.0 	1
0.0 0.0 2.200411 0.0 0.0 1.0525849 0.0 0.0 0.0 0.0 0.0 0.0 0.0 0.0 0.0 0.0 0.0 2.491591 1.1044232 0.0 0.0 7.206135 0.7688984 0.0 0.73551756 0.0 0.0 0.0 1.2603488 0.0 0.0 5.5443377 0.0 0.0 0.0 0.0 0.0 0.0 0.0 0.0 0.0 0.0 0.0 0.0 0.86919373 	1
0.0 0.0 0.0 0.0 0.0 11.578434 0.0 0.8422272 0.0 0.0 0.75583804 0.0 0.6578983 1.2961172 0.0 0.0 49.988853 7.474773 0.0 8.563322 0.8201156 7.206135 0.0 0.0 0.73551756 0.0 0.0 0.0 0.6301744 0.0 0.0 2.7721689 0.0 0.0 0.0 0.0 15.1950445 1.2297595 1.1826506 0.0 4.2885447 0.0 0.0 0.907024 0.0 	1
0.0 5.695889 0.0 0.0 0.0 3.1577547 0.0 0.0 0.8289823 0.0 0.0 0.0 0.0 0.0 0.0 25.454538 0.0 0.0 3.3132696 0.0 1.6402313 2.402045 3.8444922 0.0 0.0 0.0 4.8077464 0.0 0.0 1.8607833 0.0 5.5443377 0.0 2.2295096 0.0 0.0 0.0 0.0 0.0 0.0 0.0 0.0 3.7211134 0.0 0.0 	1
0.0 0.0 0.0 0.0 0.0 0.0 0.0 0.0 2.4869468 0.0 0.0 0.69678456 0.0 0.0 0.0 19.999994 0.0 0.0 0.0 0.0 0.0 3.2027266 0.0 0.0 5.148623 0.0 0.0 0.0 0.6301744 1.2405223 0.0 2.7721689 0.0 0.0 0.0 0.0 2.7627354 0.0 2.3653011 0.0 1.0721362 0.0 0.0 0.0 0.0 	1
0.0 5.695889 0.0 0.0 0.0 4.2103395 0.0 0.0 0.0 0.0 0.0 0.0 0.0 0.0 0.0 9.090906 0.0 0.0 0.0 0.0 1.6402313 1.6013633 0.0 0.0 0.0 0.0 1.3736418 0.0 0.0 0.0 0.0 5.5443377 0.0 0.0 0.0 0.0 0.0 0.0 1.1826506 0.0 0.0 0.0 4.651392 0.0 0.0 	1
0.0 0.0 0.0 0.0 0.0 0.0 0.0 0.0 0.0 0.0 0.0 0.0 0.0 0.0 0.0 10.909088 0.0 0.0 4.4176927 0.0 3.2804625 0.0 0.0 0.0 0.0 0.0 0.0 0.0 0.0 0.0 0.0 0.0 0.0 0.0 0.0 0.0 0.0 0.0 5.913253 0.0 0.0 0.0 0.0 0.0 0.0 	1
0.0 0.0 0.0 0.0 0.0 0.0 0.0 0.0 0.0 0.0 0.0 0.0 0.0 0.0 0.0 1.8181813 0.0 0.0 0.0 0.0 0.0 0.80068165 0.0 0.0 0.0 0.0 0.0 0.0 0.0 0.0 0.0 0.0 0.0 0.0 0.0 0.0 0.0 0.0 3.5479517 0.0 0.0 0.0 0.0 0.0 0.0 	1
0.0 0.0 0.0 0.0 0.0 0.0 0.0 0.0 0.0 0.78703576 0.0 0.0 0.0 0.0 0.0 7.272725 0.0 0.0 2.2088463 0.0 0.0 0.0 0.7688984 0.0 0.0 0.0 0.0 0.65721357 0.0 0.0 0.0 0.0 0.0 0.0 0.0 0.0 0.0 0.0 4.7306023 0.0 2.1442723 0.0 0.0 0.0 0.0 	1
0.0 0.0 0.0 0.0 0.0 0.0 0.0 0.0 0.0 0.0 0.0 1.3935691 0.0 0.0 0.0 0.0 0.0 1.2457955 1.1044232 1.0704153 0.0 0.0 0.0 0.0 0.73551756 0.0 0.0 0.0 1.8905232 0.0 0.0 8.316506 0.0 0.0 0.0 0.0 1.3813677 0.0 0.0 0.0 0.0 0.0 0.0 0.0 0.0 	1
0.0 2.8479445 0.0 0.0 0.0 0.0 0.0 0.0 0.0 0.0 0.0 0.0 0.0 0.0 0.0 7.272725 0.0 0.0 1.1044232 0.0 1.6402313 0.80068165 2.3066952 0.0 0.0 0.0 0.6868209 0.0 0.0 0.62026113 0.0 0.0 0.0 0.0 0.0 0.0 0.0 0.0 1.1826506 0.0 0.0 0.0 0.93027836 0.0 0.0 	1
0.0 2.8479445 0.0 0.0 0.0 0.0 0.0 0.0 0.0 0.0 0.0 0.0 0.0 0.0 0.0 7.272725 0.0 4.983182 1.1044232 0.0 1.6402313 0.0 0.0 0.0 1.4710351 0.0 1.3736418 0.0 0.0 0.0 0.0 0.0 0.0 0.0 0.0 0.0 0.0 0.0 5.913253 0.0 0.0 0.0 0.0 0.0 0.86919373 	1
0.0 0.0 0.0 0.0 0.0 1.0525849 0.0 0.0 0.8289823 0.0 0.75583804 0.0 0.0 0.0 0.0 12.727269 0.0 0.0 2.2088463 0.0 0.0 0.0 1.5377969 0.0 0.0 0.0 0.6868209 0.0 0.0 0.0 0.0 0.0 0.0 0.0 0.0 0.0 0.0 0.0 0.0 0.0 0.0 0.0 0.93027836 0.0 0.0 	1
0.0 8.543834 0.0 0.0 0.0 0.0 0.0 0.0 0.8289823 0.0 0.0 0.0 0.0 0.0 0.0 3.6363626 0.0 0.0 0.0 0.0 0.0 0.0 0.7688984 0.0 0.0 0.0 0.0 0.0 0.0 0.0 0.0 0.0 0.0 0.0 0.0 0.0 0.0 0.0 0.0 0.0 0.0 0.0 0.93027836 0.0 0.0 	1
0.0 2.8479445 0.0 0.0 0.0 0.0 0.0 0.0 0.0 0.0 0.0 0.0 0.0 0.0 0.0 3.6363626 0.0 0.0 0.0 0.0 0.0 0.80068165 0.0 0.0 0.73551756 0.0 0.0 0.0 0.0 0.0 0.0 0.0 0.0 0.0 0.0 0.0 1.3813677 0.0 0.0 0.0 4.2885447 0.0 0.0 0.0 0.0 	1
0.0 0.0 0.0 0.0 0.0 0.0 0.0 0.0 0.0 0.0 0.0 0.0 0.0 0.0 0.0 12.727269 0.0 0.0 4.4176927 0.0 0.0 0.0 0.7688984 0.0 0.0 0.0 0.0 0.0 0.6301744 0.0 0.0 0.0 0.0 0.0 0.0 0.0 0.0 0.0 9.461205 0.0 2.1442723 0.0 0.93027836 0.0 0.0 	1
0.0 0.0 0.0 0.0 0.0 0.0 0.0 0.0 0.8289823 0.0 0.0 0.0 0.0 0.0 0.0 5.454544 0.0 0.0 0.0 0.0 0.8201156 1.6013633 0.0 0.0 0.0 0.0 0.6868209 0.0 0.0 0.62026113 0.0 0.0 0.0 2.2295096 0.0 0.0 0.0 0.0 0.0 0.0 0.0 0.0 0.0 0.0 0.0 	1
0.0 0.0 0.0 0.0 0.0 0.0 0.0 0.0 0.0 0.0 0.75583804 0.0 1.3157966 0.0 0.0 10.909088 0.0 0.0 1.1044232 1.0704153 0.8201156 3.2027266 0.0 0.0 0.0 0.0 0.6868209 0.0 0.0 0.0 0.0 0.0 0.0 2.2295096 0.0 0.0 1.3813677 2.459519 0.0 0.0 1.0721362 0.0 1.8605567 0.0 0.0 	1
0.0 0.0 0.0 0.0 0.0 0.0 0.0 0.0 0.8289823 0.0 0.0 0.0 0.0 0.0 0.0 9.090906 0.0 0.0 1.1044232 1.0704153 0.0 0.0 0.7688984 0.0 0.0 0.0 1.3736418 0.0 0.0 0.0 0.0 0.0 0.0 0.0 0.0 0.0 0.0 0.0 0.0 0.0 0.0 0.0 0.0 0.0 2.6075811 	1
0.0 0.0 0.0 0.0 0.0 0.0 0.0 0.0 0.8289823 0.0 0.0 0.0 1.3157966 0.0 0.0 9.090906 0.0 0.0 1.1044232 3.2112458 0.8201156 0.80068165 0.7688984 0.0 0.0 0.0 0.0 0.65721357 0.0 0.62026113 0.0 5.5443377 0.0 0.0 0.0 0.0 0.0 1.2297595 0.0 0.0 0.0 0.0 0.0 0.0 0.0 	1
