0.0 0.0 0.0 0.0 0.0 0.0 0.0 0.0 0.0 0.0 1.5116761 0.0 0.0 0.0 0.0 0.0 0.0 0.0 0.0 0.0 0.0 0.0 0.0 0.0 0.0 0.0 0.0 0.0 0.0 0.0 0.0 11.0886755 0.0 0.0 0.0 0.0 0.0 0.0 0.0 0.0 0.0 0.0 0.0 0.0 0.0 	2
0.0 2.8479445 0.0 3.5885272 0.0 0.0 0.0 0.0 0.8289823 0.0 0.75583804 0.0 0.0 0.0 0.0 0.0 0.0 0.0 0.0 1.0704153 0.0 0.0 0.0 0.0 0.73551756 0.0 0.6868209 0.0 0.0 0.0 0.0 13.860845 0.0 0.0 0.0 0.0 0.0 0.0 1.1826506 0.0 0.0 0.0 2.7908351 0.0 0.0 	2
0.0 0.0 0.0 0.0 0.0 0.0 0.0 0.0 0.0 0.0 0.75583804 0.0 0.6578983 0.0 0.0 0.0 0.0 0.0 0.0 0.0 0.0 0.0 0.0 0.0 0.0 0.0 0.0 0.0 0.0 0.0 0.0 8.316506 0.0 0.0 0.0 0.0 0.0 0.0 0.0 0.0 0.0 0.0 0.0 0.0 0.0 	2
0.0 0.0 2.200411 0.0 1.1821645 0.0 0.0 0.0 0.8289823 2.3611073 0.0 0.0 0.0 0.0 0.0 12.727269 0.0 0.0 0.0 0.0 0.0 0.0 0.0 0.0 0.0 0.0 0.0 0.0 0.0 0.0 0.0 0.0 0.0 0.0 0.0 0.0 0.0 0.0 0.0 2.34339 0.0 7.3059306 0.0 0.907024 0.0 	2
0.0 0.0 0.0 0.0 0.0 0.0 0.0 0.0 0.0 0.0 0.0 1.3935691 5.2631865 0.0 0.0 1.8181813 0.0 0.0 1.1044232 0.0 0.0 0.0 0.0 0.0 0.73551756 0.0 0.0 0.0 0.6301744 0.0 0.0 0.0 0.0 0.0 0.0 0.0 9.669574 0.0 0.0 0.0 0.0 7.3059306 0.0 0.0 0.0 	2
0.0 0.0 0.0 3.5885272 0.0 0.0 0.0 0.0 0.0 0.0 0.0 0.0 0.0 0.0 0.0 1.8181813 0.0 0.0 1.1044232 0.0 0.0 3.2027266 0.7688984 0.0 0.0 0.0 0.0 0.0 0.0 0.0 0.0 0.0 0.0 2.2295096 0.0 0.0 0.0 0.0 0.0 0.0 0.0 5.218522 0.93027836 0.0 0.0 	2
0.0 0.0 0.0 0.0 0.0 0.0 0.0 0.0 0.0 0.0 0.0 0.0 0.0 0.0 0.0 1.8181813 0.0 0.0 0.0 0.0 0.0 0.80068165 0.0 0.0 0.0 0.0 0.0 0.0 0.0 0.0 0.0 0.0 0.0 0.0 0.0 0.0 0.0 0.0 0.0 0.0 0.0 4.1748176 3.7211134 0.0 0.0 	2
0.0 0.0 0.0 0.0 0.0 2.1051698 2.9232633 3.368909 0.8289823 0.78703576 0.0 0.69678456 0.0 0.0 0.0 9.090906 0.0 0.0 0.0 0.0 0.0 0.80068165 2.3066952 0.0 0.73551756 0.0 0.0 0.0 0.0 0.0 0.0 0.0 0.0 0.0 0.0 0.0 2.7627354 0.0 0.0 0.0 0.0 4.1748176 0.0 0.0 0.0 	2
0.0 2.8479445 4.400822 0.0 0.0 0.0 0.9744211 0.0 0.0 0.78703576 0.0 0.69678456 0.0 0.0 0.0 1.8181813 0.0 0.0 0.0 0.0 0.0 0.80068165 0.7688984 0.0 0.0 0.0 0.0 0.65721357 0.0 0.0 0.0 0.0 0.0 0.0 0.0 0.0 0.0 0.0 0.0 0.0 0.0 2.0874088 0.0 0.0 0.0 	2
0.0 0.0 0.0 0.0 0.0 0.0 0.0 0.0 0.0 0.0 0.0 0.0 0.0 0.0 0.0 5.454544 0.0 0.0 0.0 0.0 0.0 1.6013633 0.0 0.0 0.0 0.0 0.0 0.0 0.0 0.0 0.0 0.0 0.0 0.0 0.0 0.0 0.0 0.0 2.3653011 0.0 0.0 5.218522 1.8605567 0.0 0.0 	2
0.0 5.695889 0.0 0.0 0.0 9.473264 0.0 0.0 0.8289823 0.78703576 0.0 0.0 0.0 0.0 0.0 0.0 0.0 0.0 0.0 0.0 0.0 0.0 0.0 0.0 0.0 0.0 0.0 0.0 0.0 0.0 0.0 0.0 0.0 0.0 0.0 0.0 6.9068384 0.0 1.1826506 0.0 1.0721362 1.0437044 0.0 0.0 0.0 	2
0.0 0.0 0.0 0.0 0.0 12.631019 0.0 0.0 0.8289823 0.78703576 0.0 0.0 0.0 0.0 0.0 0.0 0.0 0.0 0.0 0.0 0.0 0.0 0.0 0.0 0.0 0.0 0.0 0.0 0.0 0.0 0.0 0.0 0.0 0.0 0.0 0.0 11.050941 0.0 3.5479517 0.0 1.0721362 1.0437044 0.0 0.0 0.86919373 	2
0.0 0.0 0.0 0.0 0.0 1.0525849 0.0 0.0 0.0 0.0 0.0 0.0 0.0 0.6480586 0.0 0.0 0.0 0.0 1.1044232 0.0 0.0 0.80068165 0.0 0.0 0.0 0.0 0.0 0.65721357 0.0 0.0 0.0 5.5443377 0.0 2.2295096 0.0 0.0 0.0 0.0 0.0 0.0 0.0 6.262226 0.0 0.0 0.0 	2
0.0 0.0 0.0 0.0 0.0 0.0 0.0 0.0 0.0 0.0 0.0 0.0 0.0 0.0 0.0 0.0 0.0 0.0 0.0 0.0 0.0 0.80068165 0.0 0.0 0.0 0.0 0.0 0.0 0.0 0.62026113 0.0 5.5443377 0.0 0.0 0.0 0.0 0.0 0.0 0.0 0.0 0.0 0.0 0.0 0.0 0.0 	2
0.0 0.0 0.0 0.0 0.0 4.2103395 0.0 0.0 0.0 0.0 0.0 0.0 0.0 0.0 0.0 0.0 0.0 0.0 0.0 0.0 0.0 0.0 0.0 0.0 0.0 0.0 0.0 0.0 0.0 0.0 0.0 2.7721689 0.0 0.0 0.0 0.0 2.7627354 1.2297595 4.7306023 0.0 3.2164085 3.131113 0.0 0.0 2.6075811 	2
0.0 0.0 6.6012335 0.0 0.0 0.0 0.0 0.0 14.092699 0.0 0.0 0.69678456 0.0 0.0 0.0 0.0 0.0 1.2457955 2.2088463 0.0 0.0 1.6013633 0.0 0.0 0.0 0.0 0.0 0.0 0.0 0.0 0.0 11.0886755 0.0 2.2295096 0.0 0.0 0.0 0.0 0.0 0.0 0.0 4.1748176 2.7908351 0.0 0.0 	2
0.0 0.0 0.0 0.0 0.0 0.0 0.0 0.0 0.0 0.0 0.0 0.0 0.0 0.0 0.0 0.0 0.0 0.0 0.0 0.0 0.0 1.6013633 0.0 0.0 0.0 0.0 0.0 0.0 0.0 0.0 0.0 5.5443377 0.0 0.0 0.0 0.0 0.0 0.0 0.0 0.0 0.0 3.131113 0.0 0.0 0.0 	2
0.0 0.0 0.0 3.5885272 0.0 2.1051698 0.0 0.0 0.0 0.0 0.0 0.0 0.0 0.0 0.0 5.454544 0.0 0.0 2.2088463 0.0 0.0 0.80068165 0.0 0.0 0.0 0.0 0.0 0.0 0.0 0.0 0.0 0.0 0.0 0.0 0.0 0.0 0.0 0.0 0.0 0.0 0.0 4.1748176 0.93027836 0.0 0.0 	2
0.0 0.0 0.0 4.784703 0.0 2.1051698 0.0 0.0 0.0 0.0 0.0 0.0 0.0 0.0 0.0 3.6363626 0.0 0.0 0.0 0.0 0.0 1.6013633 0.0 0.0 0.0 0.0 0.0 0.0 0.0 0.0 0.0 8.316506 0.0 0.0 0.0 0.0 0.0 0.0 9.461205 1.171695 0.0 6.262226 1.8605567 0.0 2.6075811 	2
0.0 0.0 0.0 0.0 0.0 0.0 6.8209476 0.0 7.4608407 0.0 0.0 0.0 0.0 0.0 0.0 3.6363626 0.0 0.0 0.0 0.0 0.0 0.80068165 0.0 0.0 0.0 0.0 0.0 0.0 0.0 0.0 0.0 0.0 0.0 0.0 0.0 0.0 0.0 0.0 1.1826506 0.0 1.0721362 5.218522 0.0 0.0 0.0 	2
0.0 0.0 0.0 0.0 0.0 0.0 0.0 0.0 0.0 0.78703576 0.0 0.0 0.0 0.0 0.0 3.6363626 0.0 0.0 0.0 0.0 0.0 0.0 0.0 0.0 0.0 0.0 0.0 0.0 0.0 0.0 0.0 0.0 0.0 0.0 0.0 0.0 0.0 0.0 0.0 0.0 0.0 15.655566 0.0 0.0 0.0 	2
0.0 0.0 2.200411 0.0 50.833076 0.0 0.9744211 1.6844544 13.263717 0.78703576 1.5116761 5.5742764 1.3157966 0.0 0.0 1.8181813 0.0 3.7373865 2.2088463 11.774568 0.8201156 0.80068165 3.0755937 0.0 4.4131055 0.0 0.0 0.0 0.0 0.0 0.0 2.7721689 0.0 0.0 0.0 0.0 4.144103 2.459519 0.0 0.0 1.0721362 0.0 0.0 0.0 0.0 	2
0.0 0.0 0.0 0.0 24.825455 0.0 0.9744211 1.6844544 2.4869468 2.3611073 0.75583804 0.69678456 0.6578983 0.0 0.0 0.0 0.0 0.0 0.0 3.2112458 0.0 4.0034084 1.5377969 0.0 0.0 0.0 0.0 0.0 0.0 0.0 0.0 0.0 0.0 0.0 0.0 0.0 0.0 0.0 0.0 0.0 0.0 0.0 0.0 0.907024 0.86919373 	2
0.0 0.0 2.200411 0.0 0.0 2.1051698 0.0 6.737818 0.0 0.0 0.0 1.3935691 0.0 1.9441757 0.0 0.0 0.0 0.0 0.0 8.563322 0.0 0.0 0.0 0.0 0.0 0.0 0.0 0.0 0.6301744 0.0 0.0 0.0 0.0 2.2295096 0.0 0.0 1.3813677 0.0 0.0 0.0 1.0721362 0.0 0.0 4.53512 0.0 	2
0.0 0.0 4.400822 0.0 0.0 0.0 0.0 0.0 0.0 0.0 0.0 0.69678456 0.0 0.0 0.0 0.0 0.0 0.0 0.0 0.0 0.0 0.80068165 0.0 0.0 0.0 0.0 0.0 0.0 0.0 0.0 0.0 8.316506 0.0 0.0 0.0 0.0 0.0 0.0 0.0 0.0 0.0 0.0 0.0 0.0 0.0 	2
0.0 0.0 2.200411 0.0 0.0 0.0 0.0 0.8422272 0.8289823 0.78703576 0.0 1.3935691 0.6578983 0.0 0.6360819 0.0 0.0 0.0 0.0 3.2112458 0.0 0.0 0.0 0.0 0.0 0.0 0.0 0.0 0.6301744 0.0 0.0 0.0 0.0 0.0 0.0 0.0 1.3813677 0.0 0.0 0.0 0.0 1.0437044 0.0 0.0 0.0 	2
0.0 0.0 2.200411 0.0 0.0 0.0 0.0 0.0 1.6579646 0.0 0.75583804 0.69678456 0.0 0.0 0.0 0.0 0.0 0.0 0.0 0.0 0.0 0.0 0.0 0.0 0.0 0.0 0.0 0.0 0.0 0.0 0.0 8.316506 0.0 0.0 0.0 0.0 0.0 0.0 0.0 0.0 0.0 0.0 0.0 0.0 0.0 	2
0.0 0.0 0.0 0.0 0.0 0.0 0.0 0.0 0.0 0.0 0.75583804 0.0 0.0 0.0 0.0 0.0 0.0 0.0 0.0 1.0704153 0.8201156 0.0 0.0 0.0 0.0 0.0 0.0 0.0 0.0 0.0 0.0 5.5443377 0.0 0.0 0.0 0.0 0.0 0.0 0.0 0.0 0.0 0.0 0.0 0.0 0.0 	2
0.0 0.0 0.0 0.0 0.0 0.0 0.0 0.0 0.0 0.0 0.75583804 0.0 0.0 0.0 0.0 0.0 0.0 0.0 0.0 0.0 0.0 0.0 0.0 0.0 0.0 0.0 0.0 0.0 0.0 0.0 0.0 8.316506 0.0 0.0 0.0 0.0 0.0 0.0 0.0 0.0 0.0 0.0 0.0 0.0 0.0 	2
0.0 5.695889 0.0 0.0 0.0 0.0 0.0 0.0 0.0 0.0 0.0 0.0 0.0 0.0 0.0 0.0 0.0 0.0 0.0 0.0 0.0 0.0 0.0 0.0 0.0 0.0 0.6868209 0.0 0.0 0.0 0.0 8.316506 0.0 0.0 0.0 0.0 0.0 0.0 1.1826506 0.0 1.0721362 0.0 0.93027836 0.0 0.86919373 	2
0.0 0.0 0.0 0.0 0.0 0.0 0.0 0.0 2.4869468 1.5740715 4.5350285 1.3935691 0.0 0.0 0.0 0.0 0.0 0.0 0.0 0.0 0.0 0.0 0.7688984 0.0 0.73551756 0.0 0.0 0.0 0.0 0.0 0.0 11.0886755 0.0 0.0 0.0 0.0 0.0 0.0 1.1826506 0.0 0.0 0.0 0.0 0.0 0.86919373 	2
0.0 0.0 0.0 1.1961757 0.0 0.0 0.0 0.0 0.0 0.0 0.0 0.0 0.0 0.0 0.0 0.0 0.0 0.0 1.1044232 0.0 0.0 0.0 0.7688984 0.0 0.0 0.0 0.6868209 0.0 0.0 1.2405223 0.0 8.316506 0.0 0.0 0.0 0.0 0.0 0.0 0.0 0.0 0.0 0.0 0.93027836 0.0 0.0 	2
0.0 0.0 2.200411 1.1961757 1.1821645 0.0 0.0 0.8422272 0.8289823 0.0 0.0 4.877492 1.9736949 0.0 0.0 1.8181813 0.0 6.228977 1.1044232 1.0704153 0.0 1.6013633 0.0 0.0 0.73551756 0.0 0.0 0.0 0.0 0.0 0.0 2.7721689 0.0 0.0 0.0 0.0 8.288206 1.2297595 1.1826506 16.40373 0.0 0.0 0.0 0.0 0.0 	2
0.0 0.0 0.0 0.0 0.0 0.0 0.0 0.0 0.0 0.0 5.2908664 0.69678456 0.6578983 0.0 0.0 0.0 0.0 1.2457955 0.0 0.0 0.0 0.0 0.0 0.0 1.4710351 0.0 0.0 0.0 0.6301744 0.0 0.0 8.316506 0.0 0.0 0.0 0.0 0.0 0.0 0.0 0.0 0.0 0.0 0.0 0.0 0.0 	2
0.0 0.0 0.0 0.0 0.0 1.0525849 0.0 0.0 0.0 0.0 0.0 0.0 0.0 0.0 0.0 1.8181813 0.0 0.0 0.0 0.0 0.0 0.0 0.0 0.0 0.0 0.0 0.0 0.0 0.0 0.0 0.0 0.0 0.0 0.0 0.0 0.0 0.0 0.0 0.0 8.201865 1.0721362 0.0 0.0 0.0 0.0 	2
0.0 0.0 0.0 0.0 0.0 4.2103395 0.0 0.0 0.0 0.0 0.0 0.0 0.0 0.0 0.0 3.6363626 0.0 0.0 0.0 0.0 0.0 1.6013633 0.0 0.0 0.0 0.0 0.0 0.0 0.0 0.0 0.0 0.0 0.0 0.0 0.0 0.0 0.0 0.0 0.0 7.03017 0.0 0.0 0.0 0.0 0.0 	2
0.0 2.8479445 0.0 0.0 2.364329 0.0 0.0 0.8422272 0.8289823 0.78703576 0.75583804 0.0 0.6578983 0.0 0.0 0.0 0.0 0.0 1.1044232 0.0 0.0 0.0 0.0 0.0 0.0 0.0 0.0 0.0 0.0 0.0 0.0 5.5443377 0.0 0.0 0.0 0.0 0.0 0.0 0.0 3.515085 0.0 0.0 0.0 0.907024 0.0 	2
0.0 5.695889 0.0 0.0 0.0 0.0 0.0 0.0 0.0 0.0 0.0 0.0 0.0 0.0 0.0 0.0 0.0 0.0 0.0 0.0 0.0 0.0 0.0 0.0 0.0 0.0 0.0 0.0 0.0 0.0 0.0 0.0 0.0 0.0 0.0 0.0 1.3813677 2.459519 2.3653011 2.34339 2.1442723 0.0 0.0 0.0 2.6075811 	2
0.0 0.0 0.0 0.0 0.0 0.0 0.0 0.0 0.0 0.0 0.0 0.0 0.0 0.0 0.0 0.0 0.0 0.0 0.0 1.0704153 0.0 0.80068165 0.0 0.0 0.0 0.0 0.0 0.0 0.0 0.0 0.0 0.0 0.0 0.0 0.0 0.0 0.0 0.0 0.0 2.34339 0.0 0.0 0.0 0.0 0.0 	2
0.0 0.0 0.0 0.0 0.0 0.0 0.0 0.0 0.8289823 0.78703576 0.0 0.0 0.0 0.0 0.0 0.0 0.0 0.0 0.0 0.0 0.0 0.0 0.7688984 0.0 0.0 0.0 0.0 1.3144271 0.0 0.0 0.0 0.0 0.0 0.0 0.0 0.0 0.0 2.459519 0.0 8.201865 0.0 0.0 0.0 0.0 0.0 	2
0.0 0.0 0.0 2.3923514 0.0 2.1051698 0.0 0.0 0.0 0.0 0.0 0.0 0.0 0.0 0.0 1.8181813 0.0 0.0 0.0 0.0 0.0 0.0 0.0 0.0 0.0 0.0 0.0 0.0 0.0 0.0 0.0 0.0 0.0 0.0 0.0 0.0 0.0 0.0 0.0 4.68678 0.0 0.0 0.0 0.0 0.0 	2
0.0 0.0 0.0 0.0 0.0 0.0 0.0 0.8422272 0.0 0.0 0.0 0.0 1.3157966 0.0 0.0 0.0 0.0 0.0 0.0 0.0 0.0 0.0 0.0 0.0 0.0 0.0 0.0 0.0 0.6301744 0.0 0.0 0.0 0.0 0.0 0.0 0.0 0.0 0.0 0.0 1.171695 0.0 0.0 0.0 0.0 0.0 	2
0.0 0.0 0.0 0.0 0.0 0.0 0.0 0.0 0.0 0.0 0.0 0.0 0.0 0.0 0.0 0.0 0.0 0.0 0.0 0.0 0.0 0.0 0.0 0.0 0.0 0.0 0.0 0.0 0.0 0.0 0.0 0.0 0.0 0.0 0.0 0.0 0.0 0.0 0.0 3.515085 0.0 0.0 0.0 0.0 0.0 	2
0.0 5.695889 0.0 3.5885272 0.0 0.0 0.0 0.0 3.3159292 0.0 0.0 0.0 0.0 0.0 0.0 0.0 0.0 0.0 0.0 0.0 0.0 0.0 0.0 0.0 0.73551756 0.0 0.0 0.0 0.0 0.0 0.0 5.5443377 0.0 0.0 0.0 0.0 0.0 0.0 0.0 2.34339 0.0 0.0 0.0 0.0 0.0 	2
0.0 8.543834 0.0 1.1961757 0.0 0.0 0.0 0.0 0.0 0.0 0.0 0.0 0.0 0.0 0.0 0.0 0.0 0.0 0.0 0.0 0.0 0.0 0.0 0.0 2.9420702 0.0 0.0 0.0 0.0 0.0 0.0 13.860845 0.0 0.0 0.0 0.0 0.0 0.0 0.0 0.0 1.0721362 0.0 1.8605567 0.0 0.0 	2
0.0 5.695889 0.0 0.0 0.0 0.0 0.0 0.0 0.0 0.0 0.0 0.0 0.0 0.0 0.0 0.0 0.0 0.0 0.0 0.0 0.0 0.0 0.7688984 0.0 0.0 0.0 0.0 1.3144271 0.0 0.0 0.0 0.0 0.0 0.0 0.0 0.0 0.0 3.6892784 1.1826506 2.34339 2.1442723 0.0 0.0 0.0 2.6075811 	2
0.0 2.8479445 2.200411 1.1961757 0.0 0.0 0.0 0.0 0.8289823 0.0 0.0 0.0 0.0 0.0 0.0 0.0 0.0 2.491591 0.0 0.0 0.0 2.402045 0.0 0.0 0.0 0.0 0.0 0.0 0.0 0.0 0.0 2.7721689 0.0 0.0 0.0 0.0 0.0 3.6892784 0.0 1.171695 0.0 0.0 0.0 0.0 0.0 	2
0.0 8.543834 0.0 1.1961757 0.0 0.0 0.0 0.0 0.0 0.0 0.0 0.0 0.0 0.0 0.0 0.0 0.0 0.0 0.0 0.0 0.0 0.0 0.0 0.0 2.9420702 0.0 0.0 0.0 0.0 0.0 0.0 0.0 0.0 0.0 0.0 0.0 0.0 0.0 0.0 4.68678 1.0721362 0.0 0.0 0.0 0.0 	2
0.0 0.0 0.0 1.1961757 0.0 0.0 0.0 2.5266817 0.0 0.0 0.0 0.0 0.0 0.0 0.0 0.0 0.0 0.0 0.0 0.0 0.0 0.0 0.0 0.0 0.0 0.0 0.0 0.0 0.0 0.0 0.0 5.5443377 0.0 0.0 0.0 0.0 0.0 0.0 0.0 2.34339 0.0 0.0 0.0 0.0 0.0 	2
0.0 2.8479445 0.0 0.0 0.0 0.0 0.0 0.0 0.0 0.0 0.0 0.0 0.0 0.0 0.0 0.0 0.0 0.0 0.0 0.0 0.0 0.0 1.5377969 0.0 0.0 0.0 0.0 0.0 0.0 0.0 0.0 2.7721689 0.0 0.0 0.0 0.0 2.7627354 1.2297595 4.7306023 4.68678 2.1442723 0.0 0.93027836 0.907024 5.2151623 	2
0.0 17.087667 0.0 0.0 1.1821645 0.0 0.0 0.0 2.4869468 0.0 0.0 0.0 0.0 0.0 0.0 0.0 0.0 1.2457955 0.0 0.0 0.0 0.0 0.0 0.0 0.73551756 0.0 0.0 0.0 0.0 0.0 0.0 0.0 0.0 0.0 0.0 0.0 1.3813677 0.0 0.0 7.03017 1.0721362 0.0 0.0 0.0 0.0 	2
0.0 5.695889 6.6012335 1.1961757 3.5464935 3.1577547 0.0 0.0 1.6579646 0.0 0.0 0.69678456 0.0 0.0 0.0 0.0 0.0 8.720569 0.0 6.4224916 0.0 4.80409 0.7688984 0.0 0.0 0.0 0.0 0.0 1.2603488 0.0 0.0 0.0 0.0 0.0 0.0 0.0 0.0 0.0 1.1826506 11.716949 0.0 0.0 0.93027836 1.814048 0.86919373 	2
0.0 2.8479445 0.0 0.0 0.0 3.1577547 0.0 0.0 0.0 0.0 0.0 0.0 0.0 0.0 0.0 0.0 0.0 0.0 1.1044232 0.0 0.0 1.6013633 0.7688984 0.0 0.0 0.0 0.0 0.0 0.0 0.0 0.0 0.0 0.0 0.0 0.0 0.0 0.0 0.0 0.0 4.68678 0.0 0.0 0.0 0.0 0.86919373 	2
0.0 0.0 2.200411 0.0 0.0 0.0 0.0 0.0 0.0 0.0 0.0 0.0 0.0 0.0 0.0 0.0 0.0 0.0 0.0 1.0704153 0.0 0.0 0.0 0.0 0.0 0.0 0.0 0.0 0.6301744 0.0 0.0 5.5443377 0.0 0.0 0.0 0.0 0.0 0.0 1.1826506 2.34339 0.0 0.0 0.0 0.0 0.0 	2
0.0 2.8479445 0.0 2.3923514 0.0 0.0 0.0 0.0 0.0 0.0 0.0 0.0 1.3157966 0.0 0.0 1.8181813 0.0 1.2457955 0.0 1.0704153 0.8201156 0.0 0.0 0.0 0.0 0.0 0.0 0.0 1.2603488 0.0 0.0 0.0 0.0 0.0 0.0 0.0 0.0 0.0 0.0 3.515085 0.0 0.0 0.0 0.0 0.0 	2
0.0 2.8479445 0.0 0.0 0.0 4.2103395 0.0 0.0 1.6579646 1.5740715 0.0 0.0 0.0 0.0 0.0 0.0 0.0 0.0 0.0 0.0 0.0 0.0 1.5377969 0.0 0.0 0.0 0.0 0.0 0.0 0.0 0.0 2.7721689 0.0 0.0 0.0 0.0 5.5254707 1.2297595 8.278554 0.0 3.2164085 0.0 1.8605567 0.907024 6.0843563 	2
0.0 0.0 0.0 0.0 0.0 61.049923 0.0 0.0 2.4869468 0.0 0.0 0.0 0.0 0.0 0.0 0.0 0.0 0.0 0.0 0.0 0.0 0.0 4.6133904 0.0 0.0 0.0 0.0 0.0 0.0 0.0 0.0 0.0 0.0 0.0 0.0 0.0 58.01744 2.459519 11.826506 0.0 25.731268 0.0 0.0 0.0 5.2151623 	2
0.0 2.8479445 0.0 1.1961757 0.0 1.0525849 0.0 0.0 0.0 0.78703576 0.0 0.69678456 0.6578983 0.0 0.0 0.0 0.0 2.491591 0.0 0.0 0.0 0.80068165 0.7688984 0.0 2.2065527 0.0 0.0 1.3144271 0.0 0.0 0.0 0.0 0.0 2.2295096 0.0 0.0 2.7627354 2.459519 0.0 0.0 2.1442723 0.0 0.0 0.907024 0.86919373 	2
0.0 0.0 0.0 1.1961757 0.0 0.0 0.0 0.0 0.0 0.0 0.75583804 0.0 0.0 0.0 0.0 0.0 0.0 0.0 0.0 1.0704153 2.460347 0.80068165 0.0 0.0 0.0 0.0 0.0 0.0 0.0 0.0 0.0 2.7721689 0.0 0.0 0.0 1.453034 0.0 0.0 1.1826506 0.0 0.0 0.0 0.0 0.0 0.0 	2
0.0 0.0 0.0 2.3923514 0.0 0.0 0.0 0.0 0.0 0.0 0.0 0.0 1.3157966 0.0 0.0 0.0 0.0 0.0 0.0 0.0 0.8201156 1.6013633 0.0 0.0 0.0 0.0 0.0 0.0 0.0 0.0 0.0 2.7721689 0.0 4.459019 0.0 1.453034 0.0 0.0 1.1826506 0.0 0.0 0.0 0.0 0.0 0.0 	2
0.0 0.0 0.0 2.3923514 0.0 0.0 0.0 0.0 0.0 0.78703576 0.0 0.0 0.0 0.0 0.0 1.8181813 0.0 0.0 1.1044232 0.0 0.0 0.0 0.7688984 0.0 0.73551756 0.0 0.0 0.0 0.0 0.0 0.0 5.5443377 0.0 0.0 0.0 0.0 0.0 0.0 0.0 0.0 0.0 0.0 0.0 0.0 0.0 	2
0.0 0.0 0.0 3.5885272 0.0 0.0 0.0 0.0 0.0 0.0 0.0 2.7871382 0.0 0.0 0.0 0.0 0.0 2.491591 2.2088463 0.0 0.0 1.6013633 0.0 0.0 1.4710351 0.0 0.0 0.0 2.5206976 0.0 0.0 0.0 0.0 0.0 0.0 0.0 2.7627354 0.0 1.1826506 0.0 0.0 0.0 0.0 0.0 0.0 	2
0.0 2.8479445 0.0 0.0 0.0 0.0 0.0 0.0 0.0 0.0 0.0 0.69678456 1.3157966 0.0 0.0 0.0 0.0 0.0 1.1044232 0.0 0.0 0.0 0.0 0.0 0.73551756 0.0 0.0 0.0 0.0 0.0 0.0 0.0 0.0 0.0 0.0 0.0 1.3813677 0.0 0.0 0.0 0.0 0.0 0.93027836 0.0 0.0 	2
0.0 0.0 0.0 0.0 1.1821645 1.0525849 0.0 0.0 0.0 0.0 0.0 0.0 0.0 0.0 0.0 5.454544 0.0 0.0 0.0 0.0 0.0 0.80068165 0.0 0.0 0.0 0.0 0.0 0.0 0.0 0.0 0.0 0.0 0.0 0.0 0.0 0.0 1.3813677 0.0 0.0 0.0 0.0 0.0 0.0 0.0 0.0 	2
0.0 2.8479445 0.0 0.0 0.0 0.0 0.0 0.0 0.0 0.0 0.0 0.69678456 0.6578983 0.0 0.0 0.0 0.0 3.7373865 0.0 0.0 0.0 0.0 0.0 0.0 0.73551756 0.0 0.0 0.0 0.0 0.0 0.0 0.0 0.0 0.0 0.0 0.0 2.7627354 0.0 0.0 0.0 0.0 0.0 0.0 0.0 0.0 	2
0.0 2.8479445 0.0 0.0 4.728658 0.0 0.0 0.0 0.8289823 0.0 0.75583804 0.69678456 0.6578983 0.0 0.0 10.909088 0.0 0.0 0.0 1.0704153 0.0 0.0 0.0 0.0 0.73551756 0.0 0.0 0.0 0.6301744 0.0 0.0 8.316506 0.0 0.0 0.0 0.0 1.3813677 0.0 0.0 0.0 1.0721362 0.0 0.93027836 0.907024 0.0 	2
0.0 2.8479445 0.0 0.0 0.0 0.0 0.0 0.0 3.3159292 0.0 2.2675142 0.0 0.0 0.0 0.0 0.0 0.0 0.0 0.0 0.0 0.0 0.0 0.0 0.0 0.0 0.0 0.0 0.0 0.0 0.0 0.0 13.860845 0.0 0.0 0.0 0.0 0.0 0.0 1.1826506 0.0 1.0721362 0.0 0.0 0.0 0.0 	2
0.0 0.0 0.0 0.0 5.910823 1.0525849 0.0 0.0 0.8289823 3.9351788 0.0 0.0 1.9736949 0.0 0.0 3.6363626 0.0 2.491591 1.1044232 0.0 0.0 0.0 0.7688984 0.0 1.4710351 0.0 0.0 0.0 0.0 0.0 0.0 0.0 0.0 0.0 0.0 0.0 1.3813677 3.6892784 0.0 0.0 0.0 0.0 0.0 0.0 0.0 	2
0.0 0.0 0.0 0.0 0.0 3.1577547 0.0 0.0 0.0 0.0 0.0 0.0 0.0 0.0 0.0 0.0 0.0 0.0 1.1044232 0.0 0.0 0.0 0.7688984 0.0 0.0 0.0 0.0 0.0 0.0 0.0 0.0 0.0 0.0 15.606567 0.0 0.0 0.0 0.0 2.3653011 0.0 1.0721362 0.0 0.0 4.53512 0.0 	2
0.0 0.0 0.0 0.0 1.1821645 2.1051698 0.0 0.0 0.8289823 0.0 0.0 0.0 0.0 0.0 0.0 12.727269 0.0 0.0 0.0 0.0 0.0 1.6013633 0.0 0.0 0.0 0.0 0.0 0.0 1.2603488 0.0 0.0 0.0 0.0 0.0 0.0 0.0 2.7627354 0.0 0.0 0.0 0.0 0.0 0.93027836 0.0 0.0 	2
0.0 14.239722 0.0 0.0 1.1821645 0.0 0.0 0.8422272 2.4869468 0.78703576 0.0 0.0 0.6578983 0.0 0.0 0.0 0.0 1.2457955 0.0 0.0 0.0 0.0 0.0 0.0 2.9420702 0.0 0.0 0.0 0.0 0.0 0.0 0.0 0.0 0.0 0.0 0.0 1.3813677 0.0 0.0 0.0 1.0721362 0.0 0.0 0.0 0.0 	2
0.0 11.391778 0.0 2.3923514 2.364329 0.0 0.0 0.0 0.8289823 0.0 0.0 0.0 0.0 0.0 0.0 1.8181813 0.0 0.0 0.0 0.0 0.0 0.0 0.7688984 0.0 0.0 0.0 0.0 0.65721357 0.0 0.0 0.0 0.0 0.0 0.0 0.0 0.0 0.0 1.2297595 0.0 0.0 0.0 0.0 1.8605567 0.0 0.0 	2
0.0 0.0 0.0 0.0 0.0 0.0 0.0 0.0 0.0 0.0 0.0 0.0 0.0 0.0 0.0 1.8181813 0.0 0.0 1.1044232 0.0 0.0 0.0 0.0 0.0 0.73551756 0.0 0.0 0.0 0.0 0.0 0.0 2.7721689 0.0 13.377058 0.0 0.0 0.0 0.0 0.0 0.0 0.0 0.0 0.0 5.4421444 0.0 	2
0.0 0.0 0.0 0.0 0.0 18.946527 0.0 0.0 0.8289823 0.0 0.0 0.0 0.0 0.0 0.0 0.0 0.0 0.0 0.0 0.0 0.0 0.0 0.0 0.0 0.0 0.0 0.0 0.0 0.0 0.0 0.0 0.0 0.0 2.2295096 0.0 0.0 15.1950445 0.0 2.3653011 0.0 7.5049534 0.0 0.0 0.0 0.86919373 	2
0.0 0.0 0.0 0.0 0.0 17.893944 0.0 0.0 0.8289823 0.0 0.0 0.0 0.0 0.0 0.0 0.0 0.0 0.0 0.0 0.0 0.0 0.0 0.0 0.0 0.0 0.0 0.0 0.0 0.0 0.0 0.0 0.0 0.0 0.0 0.0 0.0 15.1950445 0.0 2.3653011 0.0 7.5049534 0.0 0.0 0.0 0.86919373 	2
0.0 17.087667 0.0 1.1961757 0.0 0.0 0.0 0.0 0.8289823 0.0 0.0 0.0 0.6578983 0.0 0.0 0.0 0.0 0.0 0.0 0.0 0.0 0.0 0.0 0.0 2.9420702 0.0 0.0 0.0 0.0 0.0 0.0 0.0 0.0 0.0 0.0 0.0 0.0 0.0 0.0 0.0 1.0721362 0.0 0.93027836 0.0 0.0 	2
0.0 0.0 0.0 1.1961757 0.0 0.0 0.0 0.0 0.0 0.0 0.75583804 0.0 0.0 0.0 0.0 0.0 0.0 0.0 0.0 1.0704153 2.460347 0.80068165 0.0 0.0 0.0 0.0 0.0 0.0 0.0 0.0 0.0 2.7721689 0.0 0.0 0.0 1.453034 0.0 0.0 1.1826506 0.0 0.0 0.0 0.0 0.0 0.0 	2
0.0 0.0 0.0 7.1770544 0.0 0.0 0.0 0.0 0.0 0.0 0.0 1.3935691 0.0 0.0 0.0 0.0 0.0 0.0 1.1044232 0.0 0.0 0.0 0.7688984 0.0 0.73551756 0.0 0.0 0.0 0.0 0.0 0.0 13.860845 0.0 0.0 0.0 0.0 0.0 0.0 0.0 0.0 0.0 0.0 0.93027836 0.0 0.0 	2
0.0 0.0 0.0 0.0 0.0 0.0 0.0 0.0 0.0 0.0 0.0 1.3935691 1.3157966 0.0 0.0 0.0 0.0 2.491591 0.0 0.0 0.0 0.0 0.0 0.0 1.4710351 0.0 0.0 0.0 0.0 0.0 0.0 0.0 0.0 0.0 0.0 0.0 5.5254707 0.0 0.0 0.0 0.0 0.0 0.0 0.0 0.0 	2
0.0 8.543834 0.0 0.0 0.0 0.0 0.0 0.0 0.8289823 0.0 0.0 0.0 0.0 0.0 0.0 10.909088 0.0 1.2457955 0.0 0.0 0.0 0.0 0.0 0.0 2.9420702 0.0 0.0 0.0 0.0 0.0 0.0 0.0 0.0 0.0 0.0 0.0 1.3813677 0.0 0.0 0.0 2.1442723 0.0 2.7908351 0.0 0.86919373 	2
0.0 11.391778 0.0 5.9808784 0.0 6.3155093 0.0 0.0 0.8289823 0.78703576 0.0 0.0 0.0 0.0 0.0 10.909088 0.0 0.0 0.0 0.0 0.0 0.0 0.0 0.0 2.2065527 0.0 0.0 0.0 0.0 0.0 0.0 0.0 0.0 0.0 0.0 0.0 5.5254707 1.2297595 2.3653011 0.0 1.0721362 0.0 0.0 0.0 0.0 	2
0.0 8.543834 0.0 0.0 0.0 0.0 0.0 0.0 0.0 0.0 0.0 0.0 1.3157966 0.0 0.0 9.090906 0.0 0.0 0.0 0.0 0.0 0.0 1.5377969 1.5301872 0.0 0.0 0.0 0.0 0.0 0.0 0.0 2.7721689 0.0 0.0 0.0 0.0 0.0 0.0 0.0 0.0 1.0721362 0.0 0.93027836 0.0 0.0 	2
0.0 0.0 0.0 1.1961757 0.0 0.0 0.0 0.0 0.0 0.0 0.0 0.0 0.0 0.0 0.0 9.090906 0.0 0.0 1.1044232 0.0 0.8201156 0.0 0.0 0.0 0.0 0.0 0.0 0.65721357 0.0 0.0 0.0 0.0 0.0 0.0 0.0 0.0 0.0 0.0 1.1826506 0.0 0.0 0.0 0.93027836 0.0 0.0 	2
0.0 0.0 0.0 0.0 1.1821645 0.0 0.0 0.0 1.6579646 0.78703576 0.0 0.0 0.0 0.0 0.0 9.090906 0.0 0.0 0.0 0.0 0.0 0.0 0.0 0.0 0.0 0.0 0.0 0.0 0.0 0.0 0.0 0.0 0.0 0.0 0.0 0.0 0.0 0.0 0.0 0.0 0.0 0.0 0.0 0.0 0.0 	2
0.0 2.8479445 0.0 0.0 0.0 0.0 0.0 0.0 0.0 0.0 0.0 0.0 0.0 0.0 0.0 9.090906 0.0 0.0 0.0 0.0 0.0 0.0 0.0 0.0 0.0 0.0 0.0 0.0 0.0 0.0 0.0 0.0 0.0 4.459019 0.0 0.0 0.0 0.0 0.0 0.0 1.0721362 0.0 5.5816703 0.0 0.0 	2
0.0 0.0 6.6012335 0.0 0.0 0.0 0.0 0.0 0.0 0.0 0.0 2.0903537 0.0 0.0 0.0 7.272725 0.0 0.0 0.0 0.0 0.0 0.0 0.0 0.0 1.4710351 0.0 0.0 0.0 0.0 0.0 0.0 0.0 0.0 0.0 0.0 0.0 0.0 0.0 0.0 0.0 0.0 0.0 0.0 0.0 0.0 	2
0.0 0.0 0.0 0.0 0.0 0.0 0.0 0.0 0.0 0.78703576 0.0 0.69678456 0.0 0.0 0.0 7.272725 0.0 0.0 0.0 0.0 0.0 0.80068165 0.0 0.0 0.0 0.0 0.0 0.0 0.0 0.0 0.0 0.0 0.0 0.0 0.0 0.0 0.0 0.0 1.1826506 0.0 0.0 0.0 0.93027836 0.0 0.0 	2
0.0 2.8479445 2.200411 4.784703 0.0 0.0 0.0 0.0 0.0 0.0 0.75583804 0.0 0.0 0.0 0.0 7.272725 0.0 0.0 0.0 0.0 0.0 0.0 0.0 0.0 0.0 0.0 0.0 0.0 0.0 0.0 0.0 0.0 0.0 0.0 0.0 0.0 0.0 1.2297595 0.0 0.0 0.0 0.0 0.0 0.0 0.0 	2
0.0 0.0 0.0 0.0 0.0 0.0 0.0 0.0 0.0 0.0 0.0 0.0 0.0 0.0 0.0 0.0 0.0 0.0 0.0 0.0 0.0 0.0 0.0 0.0 0.0 0.0 0.0 0.0 0.0 0.0 0.0 5.5443377 0.0 0.0 0.0 0.0 0.0 0.0 0.0 0.0 0.0 0.0 0.0 0.0 0.0 	2
0.0 0.0 0.0 0.0 4.728658 0.0 0.0 0.0 0.0 0.78703576 0.0 1.3935691 0.0 0.0 0.0 7.272725 0.0 0.0 0.0 0.0 0.0 0.0 0.7688984 0.0 0.73551756 0.0 0.0 1.3144271 0.0 0.0 0.0 0.0 0.0 0.0 0.0 0.0 1.3813677 2.459519 0.0 0.0 0.0 0.0 0.0 0.0 0.0 	2
0.0 5.695889 0.0 0.0 0.0 1.0525849 0.0 0.0 0.0 0.0 0.75583804 0.0 2.6315932 0.0 0.0 7.272725 0.0 0.0 1.1044232 3.2112458 0.8201156 0.0 0.0 0.0 0.0 0.0 0.0 0.0 0.0 0.0 0.0 2.7721689 0.0 2.2295096 0.0 0.0 0.0 0.0 0.0 0.0 0.0 0.0 0.0 0.0 0.0 	2
0.0 0.0 0.0 0.0 0.0 0.0 0.0 0.0 0.0 0.0 0.0 0.0 1.3157966 0.0 0.0 5.454544 0.0 0.0 0.0 0.0 0.0 0.0 0.0 0.0 0.0 0.0 0.0 0.0 0.0 0.0 0.0 0.0 0.0 0.0 0.0 0.0 0.0 0.0 1.1826506 0.0 2.1442723 0.0 0.0 0.0 0.86919373 	2
0.0 0.0 0.0 3.5885272 0.0 0.0 0.0 0.0 0.0 0.0 0.0 0.0 0.0 0.0 0.0 5.454544 0.0 0.0 0.0 0.0 0.0 0.0 0.0 0.0 0.0 0.0 0.0 0.0 0.0 0.0 0.0 0.0 0.0 0.0 0.0 0.0 0.0 0.0 0.0 0.0 0.0 0.0 0.93027836 0.0 0.0 	2
0.0 0.0 0.0 0.0 0.0 0.0 0.0 0.0 0.0 0.0 0.0 0.0 0.0 0.0 0.0 5.454544 0.0 0.0 0.0 0.0 0.0 0.0 0.0 0.0 0.0 0.0 0.0 0.0 0.0 0.0 0.0 0.0 0.0 0.0 0.0 0.0 0.0 0.0 0.0 0.0 0.0 0.0 0.0 0.0 0.0 	2
0.0 2.8479445 0.0 0.0 0.0 19.999113 0.0 0.0 0.0 0.0 0.0 0.0 0.0 0.0 0.0 5.454544 0.0 0.0 0.0 0.0 0.0 0.0 1.5377969 0.0 0.0 0.0 0.0 0.0 0.0 0.0 0.0 0.0 0.0 0.0 0.0 0.0 16.576412 2.459519 4.7306023 0.0 8.577089 0.0 0.0 0.0 1.7383875 	2
0.0 0.0 4.400822 0.0 0.0 0.0 0.0 0.0 0.8289823 0.0 0.0 0.0 0.0 0.0 0.0 3.6363626 0.0 0.0 0.0 0.0 0.0 0.0 1.5377969 0.0 0.0 0.0 0.0 0.0 0.0 0.0 0.0 0.0 0.0 2.2295096 0.0 0.0 0.0 0.0 0.0 0.0 0.0 0.0 0.0 0.0 0.0 	2
0.0 0.0 0.0 0.0 0.0 3.1577547 0.0 0.0 0.0 0.0 0.0 0.0 0.0 0.0 0.0 1.8181813 0.0 0.0 1.1044232 0.0 0.0 0.0 0.7688984 0.0 0.0 0.0 0.0 0.0 0.0 0.0 0.0 5.5443377 0.0 20.065586 0.0 0.0 0.0 0.0 1.1826506 0.0 0.0 0.0 0.0 13.60536 0.0 	2
0.0 0.0 0.0 0.0 0.0 0.0 0.0 0.0 0.0 0.0 0.0 0.0 0.0 0.0 0.0 5.454544 0.0 0.0 0.0 0.0 0.0 0.0 0.0 0.0 0.0 0.0 0.0 0.0 0.0 0.0 0.0 0.0 0.0 2.2295096 0.0 0.0 0.0 0.0 0.0 0.0 0.0 0.0 0.93027836 0.0 0.0 	2
0.0 0.0 0.0 0.0 0.0 0.0 0.0 0.0 0.0 0.0 0.0 0.0 2.6315932 0.0 0.0 16.363632 0.0 0.0 0.0 0.0 0.0 0.0 0.0 0.0 0.0 0.0 0.0 0.0 0.0 0.0 0.0 0.0 0.0 0.0 0.0 0.0 0.0 0.0 4.7306023 0.0 0.0 0.0 0.0 0.0 3.476775 	2
0.0 0.0 0.0 0.0 0.0 0.0 0.0 0.0 1.6579646 0.0 0.0 0.0 0.0 0.0 0.0 0.0 0.0 0.0 1.1044232 0.0 0.0 0.0 0.0 0.0 0.0 0.0 0.0 0.0 0.0 0.0 0.0 11.0886755 0.0 0.0 0.0 0.0 0.0 0.0 0.0 0.0 0.0 0.0 0.0 0.0 0.0 	2
0.0 0.0 0.0 4.784703 0.0 0.0 0.0 0.0 0.0 0.0 0.0 0.0 0.0 0.0 0.0 10.909088 0.0 0.0 1.1044232 0.0 0.8201156 0.0 0.0 0.0 0.0 0.0 0.0 0.65721357 0.0 0.0 0.0 0.0 0.0 0.0 0.0 0.0 0.0 0.0 1.1826506 0.0 0.0 0.0 0.0 0.0 0.0 	2
0.0 8.543834 0.0 3.5885272 0.0 0.0 0.0 0.0 0.0 0.0 0.0 0.0 0.0 0.0 0.0 14.54545 0.0 1.2457955 0.0 0.0 0.0 0.0 0.0 0.0 2.9420702 0.0 0.0 0.0 0.0 0.0 0.0 0.0 0.0 0.0 0.0 0.0 1.3813677 0.0 0.0 0.0 1.0721362 0.0 0.93027836 0.0 0.0 	2
0.0 0.0 0.0 0.0 0.0 0.0 0.0 0.0 0.0 0.0 0.0 0.0 0.0 0.0 0.0 5.454544 0.0 0.0 0.0 0.0 0.0 0.0 0.0 0.0 0.0 0.0 0.0 0.0 0.0 0.0 0.0 0.0 0.0 0.0 0.0 0.0 0.0 0.0 0.0 0.0 0.0 0.0 0.0 0.0 0.0 	2
0.0 19.935612 0.0 0.0 0.0 36.84047 0.0 0.0 0.0 0.0 0.0 0.0 0.0 0.0 0.0 0.0 0.0 0.0 0.0 0.0 0.0 0.0 0.7688984 0.0 0.0 0.0 0.0 0.0 0.0 0.0 0.0 0.0 0.0 0.0 0.0 0.0 38.678295 0.0 1.1826506 0.0 0.0 0.0 0.0 6.3491683 12.168713 	2
0.0 2.8479445 0.0 0.0 1.1821645 7.3680944 0.0 0.0 1.6579646 0.78703576 0.0 0.69678456 0.0 0.0 0.0 1.8181813 0.0 0.0 0.0 0.0 0.0 2.402045 0.0 0.0 0.0 0.0 0.0 0.0 0.0 0.0 0.0 2.7721689 0.0 0.0 0.0 0.0 5.5254707 0.0 2.3653011 0.0 1.0721362 0.0 0.0 0.907024 2.6075811 	2
0.0 0.0 0.0 3.5885272 0.0 0.0 0.0 0.0 0.0 0.0 0.0 0.0 1.3157966 0.0 0.0 0.0 0.0 0.0 0.0 0.0 0.0 0.0 0.0 0.0 0.0 0.0 0.0 0.0 0.0 0.0 0.0 0.0 0.0 0.0 0.0 0.0 0.0 0.0 0.0 0.0 0.0 0.0 1.8605567 0.0 0.0 	2
0.0 2.8479445 0.0 0.0 13.00381 0.0 0.0 0.8422272 2.4869468 1.5740715 0.0 0.0 0.0 0.0 0.0 0.0 0.0 0.0 0.0 3.2112458 0.0 0.0 0.7688984 0.0 0.0 0.0 0.0 1.3144271 0.0 0.0 0.0 0.0 0.0 0.0 0.0 0.0 0.0 1.2297595 0.0 0.0 0.0 0.0 1.8605567 0.907024 0.0 	2
0.0 0.0 0.0 0.0 13.00381 0.0 0.0 0.0 0.0 1.5740715 0.0 0.0 0.0 0.0 0.0 0.0 0.0 0.0 1.1044232 4.281661 0.0 0.0 0.7688984 0.0 0.0 0.0 0.0 0.0 0.0 0.0 0.0 0.0 0.0 0.0 0.0 0.0 0.0 0.0 0.0 0.0 0.0 0.0 0.0 0.0 0.0 	2
0.0 0.0 0.0 0.0 3.5464935 0.0 0.0 0.8422272 0.0 0.78703576 0.0 0.0 0.0 0.0 0.0 0.0 0.0 0.0 0.0 2.1408305 0.0 0.0 0.0 0.0 0.0 0.0 0.0 0.0 0.0 0.0 0.0 0.0 0.0 0.0 0.0 0.0 0.0 1.2297595 0.0 0.0 0.0 0.0 0.0 0.0 0.0 	2
0.0 0.0 0.0 5.9808784 0.0 0.0 0.0 0.0 0.8289823 0.0 0.0 0.0 0.0 0.0 0.0 0.0 0.0 0.0 2.2088463 0.0 0.0 2.402045 0.7688984 0.0 0.0 0.0 0.0 0.65721357 0.0 0.0 0.0 0.0 0.0 0.0 0.0 0.0 0.0 0.0 0.0 0.0 0.0 0.0 1.8605567 0.0 0.0 	2
0.0 0.0 0.0 0.0 0.0 0.0 0.0 0.0 0.8289823 0.0 0.75583804 0.0 0.6578983 0.0 0.0 0.0 0.0 0.0 0.0 0.0 0.0 0.0 0.0 0.0 0.0 0.0 0.0 0.0 0.0 0.0 0.0 5.5443377 0.0 0.0 0.0 0.0 0.0 0.0 0.0 0.0 0.0 0.0 0.0 0.0 0.0 	2
0.0 0.0 0.0 0.0 0.0 0.0 0.0 0.8422272 0.0 0.0 0.0 0.0 0.0 0.0 0.0 0.0 0.0 0.0 0.0 0.0 0.0 0.0 0.0 0.0 0.0 0.0 0.0 0.0 0.0 0.0 0.0 0.0 0.0 0.0 0.0 0.0 0.0 0.0 0.0 0.0 0.0 0.0 0.0 0.0 0.0 	2
0.0 0.0 0.0 0.0 0.0 3.1577547 0.0 0.0 0.0 0.0 0.0 0.0 0.0 0.0 0.0 0.0 0.0 1.2457955 1.1044232 0.0 0.0 0.0 0.0 0.0 0.0 0.0 0.0 0.0 0.0 0.0 0.0 5.5443377 0.0 26.754116 0.0 0.0 0.0 0.0 0.0 0.0 0.0 0.0 0.0 9.977264 0.0 	2
0.0 0.0 13.202467 0.0 0.0 1.0525849 0.0 0.0 2.4869468 0.0 0.0 0.69678456 1.3157966 0.0 0.0 0.0 0.0 8.720569 0.0 2.1408305 0.0 0.0 0.7688984 0.0 1.4710351 0.0 0.0 0.0 1.2603488 0.0 0.0 8.316506 0.0 0.0 0.0 0.0 0.0 1.2297595 2.3653011 0.0 0.0 0.0 0.93027836 0.0 0.0 	2
0.0 0.0 0.0 0.0 0.0 0.0 0.0 0.0 0.0 0.0 0.75583804 0.0 3.2894917 0.0 0.0 0.0 0.0 0.0 0.0 0.0 0.0 0.0 3.0755937 0.0 0.0 0.0 0.0 0.0 0.0 0.0 0.0 0.0 0.0 0.0 0.0 0.0 0.0 0.0 5.913253 0.0 0.0 0.0 0.0 0.0 4.3459687 	2
0.0 0.0 0.0 0.0 1.1821645 0.0 0.0 0.0 0.8289823 0.0 0.0 0.0 0.6578983 0.0 0.0 0.0 0.0 1.2457955 0.0 0.0 0.8201156 0.0 0.7688984 0.0 0.0 0.0 0.0 1.3144271 0.0 0.0 0.0 0.0 0.0 0.0 0.0 0.0 0.0 2.459519 8.278554 0.0 0.0 0.0 0.0 0.0 0.86919373 	2
0.0 8.543834 0.0 0.0 0.0 2.1051698 0.0 0.0 0.0 0.0 0.0 0.0 0.0 0.0 0.0 0.0 0.0 0.0 0.0 0.0 0.0 0.0 0.0 0.0 0.0 0.0 0.0 0.0 0.0 0.0 0.0 8.316506 0.0 0.0 0.0 0.0 0.0 0.0 0.0 0.0 0.0 0.0 0.93027836 0.0 0.0 	2
0.0 17.087667 0.0 2.3923514 8.275152 1.0525849 0.0 0.0 1.6579646 1.5740715 0.0 1.3935691 2.6315932 0.6480586 0.0 0.0 0.0 0.0 2.2088463 0.0 1.6402313 0.80068165 0.7688984 0.0 0.0 0.0 0.0 0.0 0.0 0.0 0.0 0.0 0.0 0.0 0.0 0.0 1.3813677 0.0 0.0 0.0 2.1442723 0.0 5.5816703 0.0 0.86919373 	2
0.0 0.0 0.0 0.0 0.0 0.0 0.0 0.0 4.1449113 0.0 0.0 0.69678456 0.0 0.0 0.0 5.454544 0.0 0.0 0.0 0.0 0.8201156 8.807498 0.0 0.0 0.0 0.0 0.0 0.0 0.0 0.0 0.0 16.633013 0.0 0.0 0.0 0.0 0.0 0.0 0.0 0.0 0.0 0.0 0.0 0.0 0.0 	2
0.0 11.391778 0.0 0.0 0.0 0.0 0.0 0.8422272 0.0 0.0 0.0 0.0 0.0 0.0 0.0 1.8181813 0.0 0.0 0.0 2.1408305 0.0 0.80068165 0.7688984 0.0 0.0 0.0 0.0 0.0 0.0 0.0 0.0 8.316506 0.0 2.2295096 0.0 0.0 0.0 6.148797 0.0 1.171695 2.1442723 6.262226 0.93027836 0.0 0.0 	2
0.0 0.0 0.0 0.0 0.0 0.0 0.0 0.0 0.0 0.0 0.0 0.0 0.0 0.0 0.0 3.6363626 0.0 0.0 0.0 0.0 0.0 0.0 0.0 0.0 0.0 0.0 0.0 0.0 0.0 0.0 0.0 0.0 0.0 0.0 0.0 0.0 0.0 0.0 0.0 0.0 0.0 4.1748176 0.0 0.0 0.0 	2
