0.0 2.8479445 0.0 1.1961757 0.0 0.0 0.0 0.0 0.8289823 0.78703576 0.0 2.0903537 0.0 0.0 0.0 1.8181813 0.0 1.2457955 0.0 0.0 0.0 0.80068165 0.0 0.0 0.0 0.0 0.0 0.65721357 0.6301744 0.0 0.0 24.94952 0.0 2.2295096 0.0 0.0 0.0 4.919038 0.0 1.171695 0.0 1.0437044 0.0 0.0 0.86919373 	3
0.0 2.8479445 2.200411 2.3923514 0.0 0.0 0.0 0.0 0.0 0.78703576 0.0 0.0 0.0 0.0 0.0 3.6363626 0.0 1.2457955 0.0 0.0 0.0 0.0 0.0 0.0 0.0 0.0 0.0 0.0 0.0 0.0 0.0 0.0 0.0 0.0 0.0 0.0 1.3813677 0.0 0.0 0.0 1.0721362 0.0 0.0 0.0 0.86919373 	3
0.0 0.0 0.0 1.1961757 0.0 0.0 0.0 0.0 0.0 0.0 0.0 0.0 0.0 0.0 0.0 0.0 0.0 0.0 0.0 1.0704153 0.0 0.0 0.0 0.0 0.0 0.0 0.0 0.0 0.0 0.0 0.0 0.0 0.0 0.0 0.0 0.0 0.0 0.0 0.0 0.0 0.0 0.0 0.0 0.0 0.0 	3
0.0 0.0 0.0 0.0 0.0 0.0 0.0 1.6844544 0.0 0.0 0.0 0.0 0.6578983 0.0 0.0 0.0 0.0 0.0 0.0 0.0 0.0 0.0 0.0 0.0 0.0 0.0 0.0 0.0 0.0 0.0 0.0 0.0 0.0 0.0 0.0 0.0 0.0 0.0 0.0 0.0 0.0 0.0 0.0 0.0 0.86919373 	3
0.0 0.0 2.200411 2.3923514 0.0 1.0525849 6.8209476 0.0 0.8289823 0.78703576 0.0 0.0 4.605288 0.0 0.0 0.0 0.0 0.0 0.0 3.2112458 0.0 0.80068165 0.0 0.0 0.73551756 0.0 0.0 0.0 0.0 0.0 0.0 0.0 0.0 0.0 0.0 0.0 0.0 0.0 0.0 0.0 0.0 0.0 0.0 0.0 0.0 	3
0.0 2.8479445 2.200411 0.0 4.728658 0.0 2.9232633 0.0 0.0 0.0 0.0 0.0 0.6578983 0.0 0.0 0.0 0.0 0.0 0.0 1.0704153 0.0 0.0 0.0 0.0 0.73551756 0.0 0.0 0.0 0.0 0.0 0.0 0.0 0.0 0.0 0.0 0.0 0.0 0.0 0.0 0.0 0.0 0.0 0.0 0.0 0.0 	3
0.0 2.8479445 2.200411 0.0 3.5464935 0.0 4.8721056 0.0 0.0 0.0 0.0 0.69678456 0.6578983 0.0 0.0 0.0 0.0 0.0 0.0 1.0704153 0.0 0.0 0.7688984 0.0 0.73551756 0.0 0.0 0.0 0.0 0.0 0.0 0.0 0.0 0.0 0.0 0.0 0.0 0.0 0.0 0.0 1.0721362 0.0 0.93027836 0.0 0.0 	3
0.0 0.0 0.0 0.0 0.0 0.0 3.8976843 0.0 0.0 0.0 0.0 0.0 0.0 0.0 0.0 0.0 0.0 0.0 0.0 1.0704153 0.8201156 0.80068165 0.0 0.0 0.0 0.0 0.0 0.0 0.0 0.0 0.0 0.0 0.0 0.0 0.0 0.0 0.0 0.0 0.0 0.0 0.0 0.0 0.0 0.0 0.0 	3
0.0 2.8479445 2.200411 0.0 15.368139 0.0 14.616316 4.211136 0.8289823 3.148143 0.0 3.4839227 1.9736949 0.0 0.0 0.0 0.0 6.228977 0.0 7.4929066 0.0 0.0 0.7688984 0.0 0.73551756 0.0 0.0 0.0 0.6301744 0.0 0.0 0.0 0.0 0.0 0.0 0.0 1.3813677 0.0 0.0 0.0 3.2164085 0.0 0.0 0.0 0.0 	3
0.0 0.0 0.0 0.0 1.1821645 0.0 4.8721056 10.948954 0.8289823 0.0 0.0 0.0 4.605288 0.0 0.0 0.0 0.0 0.0 0.0 2.1408305 0.0 0.0 0.7688984 0.0 0.73551756 0.0 0.0 0.0 0.0 0.0 0.0 0.0 0.0 0.0 0.0 0.0 1.3813677 1.2297595 0.0 0.0 0.0 0.0 0.93027836 0.0 0.0 	3
0.0 2.8479445 0.0 0.0 0.0 0.0 15.590737 0.8422272 0.0 0.0 0.0 0.0 0.6578983 0.0 0.6360819 0.0 0.0 0.0 0.0 1.0704153 0.0 0.0 0.0 0.0 0.0 0.0 0.0 0.0 0.0 0.0 0.0 0.0 0.0 0.0 0.0 0.0 4.144103 1.2297595 0.0 0.0 0.0 0.0 0.0 0.0 0.0 	3
0.0 0.0 6.6012335 0.0 5.910823 0.0 5.8465266 3.368909 0.0 0.78703576 0.0 0.69678456 1.3157966 0.0 0.0 0.0 0.0 0.0 0.0 3.2112458 0.0 0.0 0.0 0.0 0.73551756 0.0 0.0 0.0 0.0 0.0 0.0 0.0 0.0 0.0 0.0 0.0 1.3813677 1.2297595 0.0 0.0 1.0721362 0.0 0.0 0.0 0.0 	3
0.0 0.0 0.0 0.0 2.364329 1.0525849 2.9232633 10.106727 0.8289823 0.0 0.0 1.3935691 1.9736949 0.0 0.6360819 0.0 0.0 1.2457955 0.0 1.0704153 0.0 0.0 0.0 0.0 0.73551756 0.0 0.0 0.0 0.6301744 0.0 0.0 0.0 0.0 0.0 0.0 0.0 1.3813677 0.0 0.0 0.0 0.0 0.0 0.93027836 0.0 0.0 	3
0.0 0.0 0.0 0.0 1.1821645 0.0 0.0 0.0 0.0 0.0 0.0 1.3935691 1.3157966 0.0 0.0 0.0 0.0 2.491591 1.1044232 0.0 0.0 0.0 0.0 0.0 0.73551756 0.0 0.0 0.0 0.0 0.0 0.0 0.0 0.0 0.0 0.0 0.0 1.3813677 0.0 0.0 0.0 2.1442723 0.0 0.0 0.0 0.0 	3
0.0 0.0 0.0 1.1961757 0.0 1.0525849 5.8465266 0.0 0.0 0.0 0.0 1.3935691 1.3157966 0.0 0.0 0.0 0.0 0.0 0.0 1.0704153 0.0 0.80068165 0.7688984 0.0 0.73551756 0.0 0.0 0.0 0.0 0.0 0.0 0.0 0.0 0.0 0.0 0.0 1.3813677 0.0 1.1826506 0.0 0.0 0.0 0.0 0.0 0.0 	3
0.0 0.0 8.801644 0.0 9.457316 0.0 11.693053 2.5266817 2.4869468 0.0 0.0 2.0903537 0.6578983 0.0 0.0 0.0 0.0 8.720569 0.0 3.2112458 0.0 0.0 0.7688984 0.0 0.73551756 0.0 0.0 0.0 0.6301744 0.0 0.0 0.0 0.0 0.0 0.0 0.0 1.3813677 0.0 0.0 0.0 0.0 0.0 0.0 0.0 0.0 	3
0.0 0.0 0.0 0.0 0.0 0.0 0.9744211 0.0 0.0 0.0 0.0 0.0 0.6578983 0.0 0.0 0.0 0.0 0.0 0.0 0.0 0.0 0.0 0.0 0.0 0.0 0.0 0.0 0.0 0.0 0.0 0.0 0.0 0.0 0.0 0.0 0.0 0.0 0.0 0.0 0.0 0.0 0.0 0.93027836 0.0 0.0 	3
0.0 0.0 4.400822 1.1961757 1.1821645 0.0 2.9232633 3.368909 0.0 0.78703576 0.0 1.3935691 2.6315932 0.0 0.6360819 0.0 0.0 3.7373865 0.0 2.1408305 0.0 0.0 0.0 0.0 1.4710351 0.0 0.0 0.0 1.2603488 0.0 0.0 0.0 0.0 0.0 0.0 0.0 4.144103 0.0 0.0 0.0 0.0 0.0 0.0 0.0 0.0 	3
0.0 0.0 0.0 0.0 2.364329 0.0 5.8465266 4.211136 0.8289823 0.0 0.0 0.0 0.0 0.0 0.6360819 0.0 0.0 1.2457955 0.0 0.0 0.0 0.0 0.0 0.0 0.73551756 0.0 0.0 0.0 0.0 0.0 0.0 0.0 0.0 0.0 0.0 0.0 0.0 0.0 0.0 0.0 0.0 0.0 0.93027836 0.0 0.0 	3
0.0 0.0 0.0 0.0 7.092987 0.0 0.9744211 0.0 3.3159292 0.78703576 0.0 0.0 0.6578983 0.0 0.0 0.0 0.0 3.7373865 0.0 1.0704153 0.0 0.0 0.0 0.0 0.0 0.0 0.0 0.0 0.0 0.0 0.0 0.0 0.0 0.0 0.0 0.0 1.3813677 0.0 0.0 0.0 0.0 0.0 0.93027836 0.0 0.0 	3
0.0 0.0 0.0 0.0 0.0 0.0 0.9744211 0.0 0.0 0.0 0.0 0.69678456 0.0 0.0 1.2721637 0.0 0.0 0.0 0.0 0.0 0.0 0.0 0.0 0.0 0.73551756 0.0 0.0 0.0 0.0 0.0 0.0 0.0 0.0 0.0 0.0 0.0 0.0 0.0 0.0 0.0 0.0 0.0 0.0 0.0 0.0 	3
0.0 0.0 0.0 0.0 11.821646 1.0525849 1.9488422 6.737818 0.8289823 1.5740715 0.0 2.7871382 3.2894917 0.0 0.0 0.0 0.0 6.228977 0.0 1.0704153 1.6402313 0.0 0.0 0.0 1.4710351 0.0 0.0 0.0 0.6301744 0.0 0.0 0.0 0.0 0.0 0.0 0.0 2.7627354 0.0 0.0 0.0 1.0721362 0.0 0.0 0.0 0.0 	3
0.0 5.695889 4.400822 1.1961757 0.0 0.0 1.9488422 3.368909 0.8289823 0.0 0.0 2.7871382 0.6578983 0.0 0.0 0.0 0.0 0.0 0.0 5.3520765 0.0 0.0 1.5377969 0.0 0.0 0.0 0.0 0.0 0.0 0.0 0.0 0.0 0.0 0.0 0.0 0.0 0.0 2.459519 0.0 0.0 0.0 0.0 0.93027836 0.0 0.0 	3
0.0 0.0 4.400822 0.0 1.1821645 1.0525849 2.9232633 3.368909 0.0 0.78703576 0.0 1.3935691 2.6315932 0.0 0.6360819 0.0 0.0 3.7373865 0.0 2.1408305 0.0 0.0 0.0 0.0 1.4710351 0.0 0.0 0.0 1.2603488 0.0 0.0 0.0 0.0 0.0 0.0 0.0 4.144103 0.0 0.0 0.0 0.0 0.0 0.0 0.0 0.0 	3
0.0 8.543834 0.0 4.784703 2.364329 0.0 0.0 0.0 0.0 0.0 0.0 0.0 0.0 0.0 0.0 1.8181813 0.0 1.2457955 0.0 0.0 0.0 0.0 0.0 0.0 0.0 0.0 0.0 0.0 0.0 0.0 0.0 0.0 0.0 0.0 0.0 0.0 1.3813677 0.0 0.0 0.0 0.0 0.0 0.0 0.0 0.0 	3
0.0 2.8479445 4.400822 0.0 0.0 0.0 0.9744211 1.6844544 0.0 0.0 0.0 0.69678456 0.6578983 0.0 0.0 0.0 0.0 1.2457955 0.0 1.0704153 0.0 0.0 0.0 0.0 0.73551756 0.0 0.0 0.0 0.0 0.0 0.0 0.0 0.0 0.0 0.0 0.0 1.3813677 0.0 0.0 0.0 0.0 0.0 0.0 0.0 0.0 	3
0.0 0.0 0.0 1.1961757 1.1821645 0.0 1.9488422 0.0 0.8289823 0.0 0.0 0.0 0.6578983 0.0 0.0 0.0 0.0 0.0 0.0 0.0 0.0 0.0 0.0 0.0 0.0 0.0 0.0 0.0 0.0 0.0 0.0 0.0 0.0 0.0 0.0 0.0 0.0 0.0 0.0 0.0 0.0 0.0 0.0 0.0 0.0 	3
0.0 0.0 2.200411 0.0 8.275152 1.0525849 9.744211 0.0 0.0 0.78703576 0.0 2.0903537 0.0 0.0 0.0 0.0 0.0 4.983182 2.2088463 1.0704153 0.0 2.402045 0.7688984 0.0 2.2065527 0.0 0.0 0.0 0.0 0.0 0.0 0.0 0.0 2.2295096 0.0 0.0 0.0 0.0 0.0 0.0 3.2164085 0.0 0.0 0.0 0.0 	3
0.0 0.0 4.400822 0.0 3.5464935 0.0 2.9232633 5.0533633 1.6579646 1.5740715 0.0 0.69678456 0.6578983 0.0 0.0 0.0 0.0 0.0 1.1044232 3.2112458 0.0 0.0 0.7688984 0.0 0.0 0.0 0.0 0.0 0.0 0.0 0.0 0.0 0.0 0.0 0.0 0.0 0.0 0.0 0.0 0.0 0.0 0.0 0.0 0.0 0.0 	3
0.0 0.0 0.0 0.0 1.1821645 1.0525849 3.8976843 0.0 0.0 3.148143 0.0 0.69678456 0.0 0.0 0.0 0.0 0.0 0.0 0.0 0.0 0.0 1.6013633 0.7688984 0.0 0.0 0.0 0.0 0.0 0.0 0.0 0.0 0.0 0.0 0.0 0.0 0.0 1.3813677 0.0 0.0 0.0 3.2164085 0.0 0.0 0.0 0.0 	3
0.0 2.8479445 0.0 0.0 0.0 0.0 0.0 0.0 0.0 0.0 0.0 0.0 0.0 0.0 0.0 3.6363626 0.0 0.0 0.0 0.0 0.0 0.0 0.0 0.0 0.0 0.0 0.0 0.0 0.0 0.0 0.0 2.7721689 0.0 0.0 0.0 0.0 0.0 0.0 0.0 0.0 0.0 0.0 0.0 0.0 0.0 	3
0.0 0.0 0.0 0.0 1.1821645 0.0 0.0 0.0 0.0 3.9351788 0.0 0.0 0.0 0.6480586 1.2721637 0.0 0.0 0.0 0.0 2.1408305 0.0 0.0 0.0 0.0 0.0 0.0 0.0 0.0 0.0 0.0 0.0 0.0 0.0 0.0 0.0 0.0 0.0 0.0 0.0 0.0 0.0 0.0 0.0 0.0 0.0 	3
0.0 79.74245 2.200411 2.3923514 1.1821645 1.0525849 1.9488422 0.0 2.4869468 3.9351788 0.0 1.3935691 1.3157966 0.0 0.0 1.8181813 0.0 9.966364 0.0 5.3520765 0.0 0.0 0.7688984 0.0 0.73551756 0.0 0.6868209 3.9432814 3.150872 0.0 0.0 38.810364 0.0 2.2295096 0.0 0.0 0.0 7.3785567 1.1826506 4.68678 7.5049534 5.218522 3.7211134 0.0 3.476775 	3
0.0 0.0 0.0 0.0 0.0 0.0 0.0 0.0 0.0 3.148143 0.0 0.0 0.0 0.0 0.6360819 5.454544 0.0 0.0 0.0 0.0 0.0 0.0 0.0 0.0 0.0 0.0 0.0 0.0 0.0 0.0 0.0 0.0 0.0 0.0 0.0 0.0 0.0 0.0 0.0 0.0 0.0 0.0 0.0 0.0 0.86919373 	3
0.0 0.0 2.200411 0.0 0.0 0.0 0.0 0.0 0.8289823 1.5740715 0.0 2.0903537 3.9473898 0.0 0.0 1.8181813 0.0 0.0 0.0 8.563322 0.0 0.0 0.0 0.0 0.73551756 0.0 0.0 0.0 0.6301744 0.0 0.0 0.0 0.0 0.0 0.0 0.0 1.3813677 0.0 0.0 0.0 0.0 0.0 0.0 0.0 0.0 	3
0.0 0.0 0.0 0.0 0.0 0.0 0.0 0.0 0.0 6.296286 0.0 0.0 0.0 0.0 0.0 0.0 0.0 0.0 0.0 1.0704153 0.0 0.0 0.0 0.0 0.0 0.0 0.0 0.0 0.0 0.0 0.0 0.0 0.0 0.0 0.0 0.0 0.0 0.0 0.0 0.0 0.0 0.0 0.0 0.0 0.0 	3
0.0 2.8479445 2.200411 2.3923514 0.0 0.0 0.0 0.0 0.0 0.78703576 0.0 0.0 0.0 0.0 0.0 3.6363626 0.0 1.2457955 0.0 1.0704153 0.0 0.0 0.0 0.0 0.0 0.0 0.0 0.0 0.0 0.0 0.0 0.0 0.0 0.0 0.0 0.0 1.3813677 0.0 0.0 0.0 1.0721362 0.0 0.0 0.0 0.86919373 	3
0.0 2.8479445 4.400822 4.784703 0.0 0.0 0.0 0.0 0.0 0.0 0.0 0.0 0.0 0.0 0.0 0.0 0.0 0.0 0.0 0.0 0.0 0.0 0.0 0.0 0.0 0.0 0.0 0.0 0.0 0.0 0.0 0.0 0.0 0.0 0.0 0.0 0.0 0.0 0.0 0.0 0.0 0.0 0.93027836 0.0 0.86919373 	3
0.0 5.695889 4.400822 5.9808784 0.0 0.0 0.0 0.0 0.0 0.0 0.0 0.0 0.0 0.0 0.0 0.0 0.0 0.0 0.0 0.0 0.0 0.0 0.0 0.0 0.0 0.0 0.0 0.0 0.0 0.0 0.0 0.0 0.0 0.0 0.0 0.0 0.0 0.0 0.0 0.0 0.0 0.0 0.0 0.0 0.86919373 	3
0.0 0.0 0.0 1.1961757 2.364329 0.0 0.0 0.0 1.6579646 1.5740715 0.0 0.0 0.0 0.0 0.0 0.0 0.0 0.0 0.0 0.0 0.0 0.0 0.0 0.0 0.0 0.0 0.0 0.0 0.0 0.0 0.0 0.0 0.0 0.0 0.0 0.0 0.0 0.0 0.0 0.0 0.0 0.0 0.0 0.0 0.0 	3
0.0 2.8479445 0.0 0.0 1.1821645 0.0 0.0 0.0 0.0 0.78703576 0.0 0.0 0.0 0.0 0.0 0.0 0.0 0.0 0.0 0.0 0.0 0.80068165 0.0 0.0 0.0 0.0 0.0 0.0 0.0 0.0 0.0 2.7721689 0.0 0.0 0.0 0.0 0.0 0.0 0.0 0.0 0.0 0.0 0.0 0.0 0.0 	3
0.0 0.0 0.0 0.0 3.5464935 0.0 0.0 0.0 0.0 0.0 0.0 1.3935691 1.3157966 0.0 0.0 1.8181813 0.0 2.491591 1.1044232 0.0 0.0 0.0 0.0 0.0 0.73551756 0.0 0.0 0.0 0.0 0.0 0.0 0.0 0.0 0.0 0.0 0.0 2.7627354 0.0 0.0 0.0 0.0 0.0 0.0 0.0 0.0 	3
0.0 0.0 0.0 0.0 1.1821645 0.0 0.0 0.0 1.6579646 0.78703576 0.0 0.0 0.0 0.0 0.0 0.0 0.0 0.0 0.0 0.0 0.0 0.0 0.0 0.0 0.0 0.0 0.0 0.0 0.0 0.0 0.0 0.0 0.0 0.0 0.0 0.0 0.0 0.0 0.0 0.0 0.0 0.0 0.0 0.0 0.0 	3
0.0 5.695889 0.0 0.0 0.0 0.0 0.0 0.0 0.8289823 0.0 0.0 0.69678456 0.0 0.0 0.0 0.0 0.0 0.0 0.0 0.0 0.0 0.0 0.0 0.0 0.0 0.0 0.0 0.65721357 0.0 0.0 0.0 5.5443377 0.0 0.0 0.0 0.0 0.0 1.2297595 1.1826506 0.0 0.0 1.0437044 0.0 0.0 0.0 	3
0.0 0.0 0.0 0.0 0.0 0.0 0.0 0.0 0.8289823 0.78703576 0.0 0.69678456 0.0 0.0 0.0 10.909088 0.0 0.0 0.0 2.1408305 0.0 0.0 0.0 0.0 0.0 0.0 0.0 0.0 0.0 0.0 0.0 0.0 0.0 0.0 0.0 0.0 0.0 0.0 0.0 0.0 0.0 0.0 0.0 0.0 0.0 	3
0.0 2.8479445 0.0 0.0 0.0 0.0 0.0 0.0 0.0 0.0 0.0 0.69678456 0.0 0.0 0.0 1.8181813 0.0 1.2457955 0.0 0.0 0.0 0.80068165 0.0 0.0 0.0 0.0 0.0 0.0 0.0 0.0 0.0 8.316506 0.0 0.0 0.0 0.0 0.0 1.2297595 0.0 0.0 0.0 0.0 0.0 0.0 0.0 	3
0.0 2.8479445 0.0 0.0 2.364329 0.0 0.0 0.0 0.0 0.0 0.0 0.0 0.0 0.0 0.0 1.8181813 0.0 1.2457955 0.0 0.0 0.0 0.0 0.0 0.0 0.0 0.0 0.0 0.0 0.0 0.0 0.0 0.0 0.0 0.0 0.0 0.0 0.0 0.0 0.0 0.0 0.0 0.0 0.93027836 0.0 0.0 	3
0.0 11.391778 0.0 1.1961757 0.0 1.0525849 0.0 0.0 0.0 0.0 0.0 0.0 0.0 0.0 0.0 3.6363626 0.0 0.0 0.0 0.0 0.0 0.0 0.7688984 0.0 0.73551756 0.0 0.0 1.9716407 0.0 0.0 0.0 2.7721689 0.0 0.0 0.0 0.0 0.0 0.0 1.1826506 1.171695 0.0 0.0 0.93027836 0.0 0.0 	3
0.0 2.8479445 0.0 1.1961757 0.0 0.0 0.0 0.0 0.0 0.0 0.0 0.69678456 0.0 0.0 0.0 0.0 0.0 0.0 0.0 0.0 0.0 0.0 0.0 0.0 0.0 0.0 0.0 1.3144271 0.6301744 0.0 0.0 2.7721689 0.0 0.0 0.0 0.0 0.0 1.2297595 0.0 0.0 1.0721362 1.0437044 0.0 0.0 0.0 	3
0.0 0.0 0.0 0.0 0.0 1.0525849 0.0 0.0 1.6579646 0.78703576 0.75583804 0.69678456 0.0 0.0 0.0 10.909088 0.0 0.0 0.0 2.1408305 0.0 0.0 0.0 0.0 0.0 0.0 0.0 0.0 0.0 0.0 0.0 0.0 0.0 0.0 0.0 0.0 0.0 0.0 0.0 0.0 0.0 0.0 0.0 0.0 0.0 	3
0.0 5.695889 0.0 3.5885272 0.0 0.0 0.0 0.0 0.0 0.0 0.0 0.0 0.0 0.0 0.0 0.0 0.0 0.0 0.0 0.0 0.0 0.0 0.0 0.0 0.0 0.0 0.0 0.0 0.0 0.0 0.0 0.0 0.0 2.2295096 0.0 0.0 0.0 1.2297595 0.0 0.0 0.0 0.0 0.0 0.0 0.0 	3
0.0 2.8479445 0.0 0.0 4.728658 0.0 0.0 0.0 0.0 0.78703576 2.2675142 4.1807075 0.6578983 0.0 0.0 1.8181813 0.0 0.0 2.2088463 1.0704153 1.6402313 0.0 0.0 0.0 3.6775877 0.0 0.0 0.0 0.0 0.0 0.0 0.0 0.0 0.0 0.0 0.0 4.144103 1.2297595 2.3653011 0.0 0.0 0.0 0.0 0.0 0.0 	3
0.0 5.695889 0.0 0.0 0.0 0.0 0.0 0.0 0.8289823 0.78703576 0.0 0.0 0.0 0.0 0.0 0.0 0.0 0.0 0.0 1.0704153 0.0 0.0 0.0 0.0 0.0 0.0 0.0 0.0 0.0 0.0 0.0 2.7721689 0.0 0.0 0.0 0.0 0.0 0.0 0.0 0.0 0.0 0.0 0.0 0.0 0.0 	3
0.0 0.0 0.0 0.0 1.1821645 1.0525849 0.0 0.0 0.0 0.78703576 0.0 0.0 0.0 0.0 0.0 0.0 0.0 0.0 0.0 0.0 0.0 0.80068165 0.0 0.0 0.0 0.0 0.0 0.0 0.0 0.0 0.0 0.0 0.0 0.0 0.0 0.0 0.0 0.0 0.0 0.0 0.0 0.0 0.0 0.0 0.0 	3
0.0 0.0 0.0 0.0 0.0 0.0 0.0 0.0 0.8289823 0.0 0.0 0.0 0.6578983 1.2961172 0.0 0.0 0.0 0.0 0.0 0.0 0.0 0.0 0.0 0.0 1.4710351 0.0 0.0 0.65721357 0.0 0.0 0.0 0.0 0.0 0.0 0.0 0.0 0.0 0.0 2.3653011 0.0 1.0721362 0.0 0.0 1.814048 0.0 	3
0.0 2.8479445 8.801644 0.0 0.0 0.0 0.0 0.0 0.0 0.0 0.0 0.0 0.0 0.0 0.0 0.0 0.0 0.0 0.0 1.0704153 0.0 0.0 0.0 0.0 0.0 0.0 0.0 0.0 0.6301744 0.0 0.0 0.0 0.0 0.0 0.0 0.0 0.0 1.2297595 0.0 0.0 0.0 0.0 0.0 0.0 0.86919373 	3
0.0 5.695889 11.002055 4.784703 0.0 1.0525849 0.0 0.0 0.0 0.0 0.0 0.0 0.6578983 0.6480586 0.0 1.8181813 0.0 1.2457955 0.0 0.0 0.8201156 0.0 0.0 0.0 0.0 0.0 0.0 0.0 0.0 0.0 0.0 0.0 0.0 0.0 0.0 0.0 0.0 0.0 0.0 0.0 0.0 0.0 0.0 0.0 0.0 	3
0.0 0.0 8.801644 1.1961757 0.0 0.0 0.0 0.0 0.0 0.0 0.0 0.0 0.0 0.0 0.0 0.0 0.0 0.0 0.0 0.0 0.0 0.0 0.0 0.0 0.0 0.0 0.0 0.0 0.0 0.0 0.0 0.0 0.0 0.0 0.0 0.0 0.0 0.0 4.7306023 0.0 0.0 0.0 0.0 0.0 0.0 	3
0.0 0.0 2.200411 1.1961757 0.0 0.0 0.0 0.0 0.8289823 0.0 0.0 0.0 0.0 0.0 0.6360819 0.0 0.0 1.2457955 0.0 0.0 0.0 0.0 1.5377969 0.0 0.0 0.0 0.0 0.0 0.0 0.0 0.0 5.5443377 0.0 0.0 0.0 0.0 0.0 0.0 0.0 1.171695 1.0721362 0.0 0.0 0.0 0.0 	3
0.0 2.8479445 19.8037 1.1961757 0.0 9.473264 0.0 0.0 3.3159292 0.0 0.0 2.0903537 0.0 0.0 0.0 7.272725 0.0 0.0 0.0 0.0 0.0 0.0 2.3066952 0.0 0.0 0.0 0.0 0.0 0.0 0.0 0.0 11.0886755 0.0 0.0 0.0 0.0 0.0 0.0 0.0 0.0 0.0 0.0 0.0 0.0 0.0 	3
0.0 2.8479445 8.801644 4.784703 0.0 0.0 0.0 0.0 0.0 0.0 0.0 0.69678456 0.0 0.0 0.0 0.0 0.0 0.0 0.0 0.0 0.0 0.0 0.0 0.0 0.0 0.0 0.0 0.0 0.0 0.0 0.0 0.0 0.0 0.0 0.0 0.0 0.0 0.0 0.0 0.0 0.0 0.0 0.93027836 0.0 0.0 	3
0.0 8.543834 11.002055 2.3923514 0.0 0.0 0.0 0.0 0.0 0.0 0.0 0.0 0.0 0.0 0.0 1.8181813 0.0 1.2457955 0.0 1.0704153 0.0 0.0 0.0 0.0 0.0 0.0 0.0 0.0 0.0 0.0 0.0 0.0 0.0 0.0 0.0 0.0 0.0 0.0 0.0 0.0 0.0 0.0 0.0 0.0 0.0 	3
0.0 2.8479445 15.402878 2.3923514 0.0 0.0 0.0 0.0 0.0 0.0 0.0 0.0 0.0 0.0 0.0 0.0 0.0 1.2457955 0.0 0.0 0.0 0.80068165 0.0 0.0 0.0 0.0 0.0 0.0 0.0 0.0 0.0 0.0 0.0 0.0 0.0 0.0 0.0 0.0 0.0 0.0 0.0 0.0 0.0 0.0 0.0 	3
0.0 8.543834 8.801644 2.3923514 0.0 0.0 0.0 0.0 1.6579646 0.0 0.75583804 0.0 0.0 0.0 0.0 12.727269 0.0 0.0 0.0 2.1408305 0.0 0.0 0.0 0.0 0.0 0.0 0.0 0.0 0.6301744 0.0 0.0 0.0 0.0 0.0 0.0 0.0 0.0 0.0 0.0 0.0 0.0 0.0 0.0 0.0 0.0 	3
0.0 2.8479445 15.402878 0.0 0.0 1.0525849 0.0 0.0 0.0 0.0 0.0 0.0 0.0 0.0 0.0 3.6363626 0.0 0.0 0.0 0.0 0.0 0.0 0.7688984 0.0 0.73551756 0.0 0.0 0.65721357 0.6301744 0.0 0.0 0.0 0.0 0.0 0.0 0.0 0.0 0.0 0.0 0.0 0.0 0.0 0.93027836 0.0 0.0 	3
0.0 5.695889 19.8037 0.0 0.0 0.0 0.0 0.0 0.0 0.0 0.0 0.0 0.0 0.0 0.0 1.8181813 0.0 1.2457955 0.0 0.0 0.0 0.0 0.0 0.0 0.0 0.0 0.0 0.0 0.0 0.0 0.0 0.0 0.0 0.0 0.0 0.0 0.0 0.0 0.0 0.0 0.0 0.0 0.0 0.907024 0.0 	3
0.0 0.0 6.6012335 3.5885272 0.0 0.0 0.0 0.0 0.0 0.0 0.0 0.0 0.0 0.0 0.0 0.0 0.0 1.2457955 0.0 0.0 0.0 0.80068165 0.0 0.0 0.0 0.0 0.0 0.0 0.6301744 0.0 0.0 0.0 0.0 0.0 0.0 0.0 0.0 0.0 0.0 0.0 0.0 0.0 0.0 0.0 0.0 	3
0.0 2.8479445 6.6012335 3.5885272 0.0 0.0 0.0 0.0 0.0 0.0 0.0 0.0 0.0 0.0 0.0 0.0 0.0 0.0 0.0 0.0 0.0 0.0 0.7688984 0.0 0.0 0.0 0.0 0.65721357 0.0 0.0 0.0 0.0 0.0 2.2295096 0.0 0.0 0.0 0.0 0.0 0.0 0.0 0.0 0.0 0.0 0.0 	3
0.0 0.0 6.6012335 0.0 0.0 0.0 0.0 0.0 2.4869468 0.0 0.0 0.69678456 1.9736949 0.0 0.0 1.8181813 0.0 0.0 0.0 0.0 0.0 0.0 0.0 0.0 1.4710351 0.0 0.0 0.65721357 0.0 0.0 0.0 0.0 0.0 0.0 0.0 0.0 1.3813677 0.0 0.0 0.0 0.0 0.0 0.0 0.0 0.0 	3
0.0 0.0 0.0 0.0 1.1821645 0.0 0.0 0.0 0.0 3.148143 0.0 0.0 0.6578983 0.0 0.0 0.0 0.0 0.0 0.0 0.0 0.0 0.0 0.0 0.0 0.0 0.0 0.0 0.0 0.0 0.0 0.0 0.0 0.0 0.0 0.0 0.0 0.0 0.0 0.0 0.0 0.0 0.0 0.0 0.0 0.86919373 	3
0.0 5.695889 13.202467 3.5885272 0.0 7.3680944 0.0 0.0 0.0 0.0 0.0 0.0 0.0 0.0 0.0 0.0 0.0 0.0 0.0 0.0 0.0 0.0 0.7688984 0.0 1.4710351 0.0 0.0 1.3144271 0.0 0.0 0.0 0.0 0.0 0.0 0.0 0.0 5.5254707 2.459519 0.0 0.0 2.1442723 0.0 0.0 0.0 0.0 	3
0.0 0.0 6.6012335 0.0 0.0 0.0 0.9744211 0.0 0.0 0.0 0.75583804 0.0 0.0 0.0 0.0 1.8181813 0.0 0.0 0.0 0.0 0.0 0.0 0.0 0.0 0.0 0.0 0.0 0.0 0.0 0.0 0.0 0.0 0.0 0.0 0.0 0.0 0.0 0.0 0.0 0.0 0.0 0.0 0.93027836 0.0 0.86919373 	3
0.0 2.8479445 11.002055 1.1961757 0.0 1.0525849 0.0 0.0 1.6579646 0.78703576 0.0 0.0 0.0 0.0 0.0 3.6363626 0.0 0.0 0.0 4.281661 0.0 0.80068165 0.0 0.0 0.0 0.0 0.0 0.0 0.0 0.0 0.0 2.7721689 0.0 0.0 0.0 0.0 1.3813677 0.0 3.5479517 0.0 0.0 0.0 0.93027836 1.814048 0.0 	3
0.0 5.695889 6.6012335 0.0 0.0 0.0 0.0 0.0 0.8289823 0.0 0.0 0.69678456 0.0 0.0 0.0 0.0 0.0 1.2457955 0.0 0.0 0.0 2.402045 0.0 0.0 0.73551756 0.0 0.0 0.0 0.0 0.0 0.0 0.0 0.0 0.0 0.0 0.0 1.3813677 0.0 0.0 0.0 0.0 0.0 0.0 0.0 0.86919373 	3
0.0 0.0 4.400822 2.3923514 0.0 0.0 0.0 0.0 0.0 0.0 0.0 0.69678456 0.0 0.0 0.6360819 0.0 0.0 0.0 0.0 0.0 0.0 0.0 0.0 0.0 0.0 0.0 0.0 0.0 0.6301744 0.0 0.0 2.7721689 0.0 0.0 0.0 0.0 0.0 0.0 0.0 0.0 0.0 0.0 0.0 0.0 0.86919373 	3
0.0 2.8479445 8.801644 2.3923514 0.0 0.0 0.0 0.0 0.0 0.78703576 0.75583804 0.0 0.0 0.0 0.0 0.0 0.0 0.0 0.0 2.1408305 0.0 0.0 0.0 0.0 0.0 0.0 0.0 0.65721357 0.0 0.0 0.0 0.0 0.0 0.0 0.0 0.0 0.0 0.0 1.1826506 0.0 0.0 0.0 0.0 0.907024 0.86919373 	3
0.0 2.8479445 13.202467 0.0 0.0 0.0 0.0 0.0 0.8289823 0.0 0.0 0.0 0.0 0.0 0.0 0.0 0.0 0.0 0.0 0.0 0.8201156 0.0 0.0 0.0 0.0 0.0 0.0 0.0 0.0 0.0 0.0 2.7721689 0.0 0.0 0.0 0.0 1.3813677 0.0 1.1826506 0.0 0.0 0.0 0.0 0.0 0.0 	3
0.0 42.719166 2.200411 1.1961757 0.0 0.0 0.0 0.0 4.9738936 0.0 0.0 0.0 0.0 0.0 0.0 0.0 0.0 0.0 0.0 1.0704153 0.0 0.0 0.0 0.0 0.0 0.0 0.0 0.0 0.6301744 0.0 0.0 49.89904 0.0 0.0 0.0 0.0 0.0 1.2297595 0.0 0.0 0.0 0.0 0.0 0.0 0.0 	3
0.0 0.0 0.0 0.0 0.0 7.3680944 0.0 0.0 0.0 0.0 5.2908664 0.69678456 0.0 0.0 0.0 0.0 0.0 0.0 0.0 0.0 0.0 1.6013633 0.0 0.0 1.4710351 0.0 0.0 0.0 1.2603488 0.0 0.0 22.177351 0.0 2.2295096 0.0 0.0 1.3813677 0.0 0.0 0.0 0.0 0.0 1.8605567 0.0 0.0 	3
0.0 0.0 0.0 0.0 0.0 0.0 0.0 0.0 0.0 0.0 0.0 0.0 1.9736949 0.0 0.6360819 0.0 0.0 2.491591 1.1044232 0.0 0.0 0.0 0.0 0.0 1.4710351 0.0 0.0 0.0 1.8905232 0.0 0.0 2.7721689 0.0 0.0 0.0 0.0 2.7627354 1.2297595 0.0 0.0 0.0 0.0 0.0 0.0 0.0 	3
0.0 0.0 0.0 0.0 5.910823 0.0 0.0 0.0 0.0 2.3611073 0.0 0.0 0.6578983 0.0 0.0 0.0 0.0 0.0 0.0 0.0 0.0 0.0 0.0 0.0 0.0 0.0 0.0 0.0 0.0 0.0 0.0 0.0 0.0 0.0 0.0 0.0 0.0 0.0 0.0 0.0 0.0 0.0 0.0 0.0 0.0 	3
0.0 5.695889 0.0 1.1961757 0.0 2.1051698 0.0 0.0 3.3159292 0.0 2.2675142 0.0 0.0 0.0 2.5443275 1.8181813 0.0 0.0 0.0 0.0 0.0 0.0 0.0 0.0 0.0 0.0 0.0 0.0 0.0 0.0 0.0 11.0886755 0.0 0.0 0.0 0.0 0.0 1.2297595 0.0 0.0 0.0 0.0 0.0 0.907024 0.0 	3
0.0 0.0 0.0 0.0 0.0 4.2103395 0.0 0.0 0.0 0.0 3.0233521 0.0 0.0 0.0 0.0 0.0 0.0 0.0 0.0 0.0 0.0 0.0 0.0 0.0 0.0 0.0 0.0 0.0 0.0 0.0 0.0 11.0886755 0.0 0.0 0.0 0.0 0.0 0.0 0.0 0.0 0.0 0.0 0.0 0.0 0.0 	3
0.0 0.0 0.0 3.5885272 0.0 6.3155093 0.0 0.0 0.0 0.0 4.5350285 0.0 0.0 0.0 0.0 0.0 0.0 0.0 0.0 0.0 0.0 0.80068165 0.0 0.0 1.4710351 0.0 0.0 0.0 0.0 0.0 0.0 16.633013 0.0 2.2295096 0.0 0.0 0.0 0.0 0.0 0.0 0.0 0.0 2.7908351 0.0 0.0 	3
0.0 0.0 0.0 0.0 0.0 1.0525849 0.0 0.0 0.0 0.0 0.75583804 0.69678456 0.6578983 0.0 0.0 0.0 0.0 1.2457955 0.0 0.0 0.0 0.0 0.0 0.0 0.0 0.0 0.0 0.0 0.0 0.0 0.0 11.0886755 0.0 0.0 0.0 0.0 1.3813677 0.0 0.0 0.0 0.0 0.0 0.0 0.0 0.0 	3
0.0 11.391778 0.0 0.0 0.0 0.0 0.0 0.8422272 1.6579646 0.0 0.0 0.0 0.0 0.0 0.0 0.0 0.0 0.0 0.0 0.0 0.0 0.0 0.7688984 0.0 0.0 0.0 0.0 0.0 0.0 0.0 0.0 2.7721689 0.0 0.0 0.0 0.0 1.3813677 0.0 0.0 0.0 0.0 0.0 0.93027836 0.0 0.0 	3
0.0 5.695889 0.0 0.0 0.0 4.2103395 0.0 0.0 0.0 0.0 3.0233521 0.0 0.0 0.0 0.0 0.0 0.0 0.0 0.0 0.0 0.0 0.80068165 0.0 0.0 0.73551756 0.0 0.0 0.0 0.0 0.0 0.0 11.0886755 0.0 0.0 0.0 0.0 0.0 0.0 0.0 0.0 0.0 0.0 0.0 0.0 0.0 	3
0.0 0.0 0.0 0.0 0.0 6.3155093 0.0 0.0 0.0 0.0 4.5350285 0.69678456 0.6578983 0.0 0.0 0.0 0.0 2.491591 0.0 0.0 0.0 0.0 0.0 0.0 0.73551756 0.0 0.0 0.0 0.0 0.0 0.0 8.316506 0.0 0.0 0.0 0.0 0.0 0.0 0.0 0.0 0.0 0.0 0.93027836 0.0 0.0 	3
0.0 5.695889 0.0 0.0 0.0 5.262924 0.0 0.0 1.6579646 0.0 3.77919 0.0 0.6578983 0.0 0.0 0.0 0.0 1.2457955 0.0 0.0 0.0 0.80068165 0.0 0.0 0.0 0.0 0.0 0.65721357 0.0 0.0 0.0 8.316506 0.0 0.0 0.0 0.0 0.0 0.0 0.0 1.171695 0.0 0.0 1.8605567 0.0 0.0 	3
0.0 0.0 0.0 0.0 0.0 2.1051698 0.0 0.0 0.0 0.0 1.5116761 2.7871382 1.3157966 0.0 0.0 0.0 0.0 0.0 0.0 0.0 0.0 0.0 0.0 0.0 1.4710351 0.0 0.0 0.0 1.2603488 0.0 0.0 13.860845 0.0 0.0 0.0 0.0 2.7627354 0.0 0.0 0.0 0.0 0.0 1.8605567 0.0 0.0 	3
0.0 0.0 2.200411 0.0 0.0 0.0 0.0 0.0 0.0 0.0 0.0 0.69678456 0.0 0.0 0.0 0.0 0.0 0.0 0.0 1.0704153 0.0 0.0 0.0 0.0 0.0 0.0 0.0 0.0 0.0 0.0 0.0 0.0 0.0 0.0 0.0 0.0 0.0 0.0 0.0 1.171695 0.0 0.0 0.0 0.0 0.0 	3
0.0 0.0 0.0 0.0 4.728658 0.0 0.0 0.0 0.0 3.9351788 0.0 0.0 0.0 0.6480586 0.0 0.0 0.0 0.0 0.0 0.0 0.0 0.0 0.0 0.0 0.0 0.0 0.0 0.0 0.0 0.0 0.0 0.0 0.0 0.0 0.0 0.0 0.0 0.0 0.0 0.0 0.0 0.0 0.0 0.0 0.86919373 	3
0.0 0.0 2.200411 0.0 0.0 0.0 0.0 0.8422272 0.0 0.0 0.0 0.0 0.0 0.0 0.6360819 0.0 0.0 0.0 0.0 0.0 0.0 0.0 0.0 0.0 0.0 0.0 0.0 0.0 0.0 0.0 0.0 0.0 0.0 0.0 0.0 0.0 0.0 0.0 0.0 0.0 0.0 0.0 0.0 0.0 0.0 	3
0.0 0.0 0.0 0.0 0.0 0.0 0.0 0.0 0.0 0.0 0.0 0.0 0.0 0.0 0.0 0.0 0.0 0.0 0.0 0.0 0.0 0.0 0.0 0.0 0.0 0.0 0.0 0.0 0.6301744 0.0 0.0 0.0 0.0 0.0 0.0 0.0 0.0 0.0 0.0 0.0 0.0 0.0 0.0 0.0 0.0 	3
0.0 0.0 2.200411 0.0 0.0 0.0 0.0 0.8422272 0.0 0.0 0.75583804 0.0 0.0 0.0 0.0 0.0 0.0 0.0 0.0 0.0 0.0 0.0 0.0 0.0 0.0 0.0 0.0 0.0 0.0 0.0 0.0 0.0 0.0 0.0 0.0 0.0 0.0 0.0 0.0 3.515085 0.0 0.0 0.0 0.0 0.0 	3
0.0 2.8479445 4.400822 0.0 0.0 0.0 0.0 0.0 0.0 0.0 0.0 0.0 0.0 0.0 0.0 5.454544 0.0 0.0 0.0 0.0 0.0 0.0 0.0 0.0 0.0 0.0 0.0 0.0 0.0 0.0 0.0 0.0 0.0 0.0 0.0 0.0 0.0 0.0 0.0 0.0 0.0 0.0 0.0 0.0 0.0 	3
0.0 11.391778 0.0 1.1961757 0.0 0.0 0.0 0.0 0.8289823 0.0 0.0 0.0 0.0 0.0 0.0 0.0 0.0 0.0 0.0 0.0 0.0 0.0 0.7688984 0.0 0.0 0.0 0.0 0.0 0.0 0.0 0.0 0.0 0.0 0.0 0.0 0.0 0.0 0.0 0.0 0.0 0.0 0.0 0.93027836 0.0 0.0 	3
0.0 0.0 2.200411 0.0 0.0 0.0 0.0 0.8422272 0.0 0.0 0.0 0.0 0.6578983 0.0 0.0 0.0 0.0 0.0 0.0 0.0 0.0 0.0 0.0 0.0 0.0 0.0 0.0 0.0 0.0 0.0 0.0 0.0 0.0 0.0 0.0 0.0 0.0 0.0 0.0 0.0 0.0 0.0 0.0 0.0 0.0 	3
0.0 0.0 0.0 0.0 3.5464935 0.0 0.0 0.8422272 0.0 0.0 0.0 0.0 0.0 0.0 1.2721637 0.0 0.0 0.0 0.0 0.0 0.0 0.0 0.0 0.0 0.0 0.0 0.0 0.0 0.0 0.0 0.0 0.0 0.0 0.0 0.0 0.0 0.0 1.2297595 0.0 0.0 0.0 0.0 0.0 0.0 0.0 	3
0.0 0.0 0.0 0.0 0.0 0.0 0.0 0.8422272 0.0 0.0 0.0 0.0 0.0 0.0 0.0 0.0 0.0 0.0 0.0 0.0 0.0 0.0 0.0 0.0 0.0 0.0 0.0 0.0 0.0 0.0 0.0 0.0 0.0 0.0 0.0 0.0 0.0 0.0 0.0 2.34339 0.0 0.0 0.0 0.0 0.0 	3
0.0 0.0 0.0 0.0 1.1821645 0.0 0.0 1.6844544 0.0 2.3611073 0.0 0.0 0.0 5.832527 0.6360819 0.0 0.0 0.0 0.0 0.0 0.0 0.0 0.0 0.0 0.0 0.0 0.0 0.0 0.0 0.0 0.0 0.0 0.0 0.0 0.0 0.0 0.0 0.0 0.0 0.0 0.0 0.0 0.0 0.0 0.0 	3
0.0 5.695889 0.0 1.1961757 0.0 0.0 0.0 0.0 0.0 0.78703576 0.0 0.0 0.0 0.0 0.0 0.0 0.0 0.0 0.0 0.0 0.0 0.0 0.0 0.0 1.4710351 0.0 0.0 0.0 0.0 0.0 0.0 0.0 0.0 0.0 0.0 0.0 0.0 1.2297595 0.0 0.0 0.0 0.0 0.0 0.0 0.0 	3
0.0 0.0 0.0 0.0 0.0 0.0 0.0 0.8422272 0.0 0.0 0.0 0.0 0.0 0.6480586 0.0 0.0 0.0 0.0 0.0 0.0 0.0 0.0 0.0 0.0 0.0 0.0 0.0 0.0 0.0 0.0 0.0 0.0 0.0 0.0 0.0 0.0 0.0 0.0 0.0 0.0 0.0 0.0 0.0 0.907024 0.0 	3
0.0 0.0 2.200411 0.0 0.0 0.0 0.0 0.8422272 0.0 3.148143 0.0 0.69678456 0.0 5.832527 0.0 0.0 0.0 0.0 0.0 0.0 0.0 0.0 0.0 0.0 0.0 0.0 0.0 0.0 0.0 0.0 0.0 0.0 0.0 0.0 0.0 0.0 0.0 0.0 0.0 0.0 0.0 0.0 0.0 0.0 0.0 	3
0.0 0.0 0.0 0.0 0.0 0.0 0.0 2.5266817 0.0 0.0 0.0 0.0 0.0 0.6480586 0.0 0.0 0.0 0.0 0.0 0.0 0.0 0.0 0.0 0.0 0.0 0.0 0.0 0.0 0.0 0.0 0.0 0.0 0.0 0.0 0.0 0.0 0.0 0.0 0.0 1.171695 0.0 0.0 0.0 0.0 0.0 	3
0.0 0.0 0.0 0.0 1.1821645 0.0 0.0 0.8422272 0.0 0.0 0.0 0.0 0.0 0.0 1.9082456 0.0 0.0 1.2457955 0.0 0.0 0.0 0.0 0.0 0.0 0.0 0.0 0.0 0.0 0.0 0.0 0.0 0.0 0.0 0.0 0.0 0.0 0.0 0.0 0.0 0.0 0.0 0.0 0.0 0.0 0.0 	3
0.0 0.0 0.0 0.0 7.092987 0.0 0.0 0.0 0.0 0.0 0.0 0.0 0.0 3.240293 4.4525733 0.0 0.0 0.0 0.0 0.0 0.0 0.0 0.0 0.0 0.0 0.0 0.0 0.0 0.0 0.0 0.0 0.0 0.0 0.0 0.0 0.0 0.0 0.0 0.0 0.0 0.0 0.0 0.0 0.0 0.0 	3
0.0 0.0 0.0 0.0 0.0 0.0 3.8976843 0.0 0.0 0.0 0.0 0.0 0.0 0.0 0.0 0.0 0.0 0.0 0.0 1.0704153 0.0 0.0 0.0 0.0 0.0 0.0 0.0 0.0 0.0 0.0 0.0 0.0 0.0 0.0 0.0 0.0 0.0 0.0 0.0 0.0 0.0 0.0 0.0 0.0 0.0 	3
0.0 0.0 4.400822 0.0 0.0 0.0 0.0 1.6844544 0.0 0.0 0.0 1.3935691 0.0 0.0 0.6360819 1.8181813 0.0 0.0 0.0 0.0 0.0 0.0 0.0 0.0 0.0 0.0 0.0 0.0 0.0 0.0 0.0 0.0 0.0 0.0 0.0 0.0 0.0 0.0 0.0 2.34339 0.0 0.0 0.0 0.0 0.0 	3
0.0 0.0 0.0 0.0 0.0 0.0 0.0 0.0 0.0 0.0 0.0 0.69678456 0.0 2.5922344 1.2721637 0.0 0.0 3.7373865 0.0 0.0 0.0 0.0 0.0 0.0 0.0 0.0 0.0 0.0 0.6301744 0.0 0.0 0.0 0.0 0.0 0.0 0.0 0.0 0.0 0.0 0.0 1.0721362 0.0 0.0 0.0 0.0 	3
0.0 0.0 6.6012335 0.0 0.0 0.0 0.0 0.0 0.0 0.78703576 0.0 0.69678456 0.0 0.0 5.7247367 0.0 0.0 0.0 0.0 0.0 0.0 0.0 0.0 0.0 0.0 0.0 0.0 0.0 0.0 0.0 0.0 0.0 0.0 0.0 0.0 0.0 0.0 0.0 0.0 0.0 1.0721362 0.0 0.0 0.0 0.0 	3
0.0 0.0 0.0 0.0 2.364329 0.0 0.0 0.0 0.0 0.78703576 0.0 0.0 0.0 0.0 0.6360819 0.0 0.0 0.0 0.0 2.1408305 0.0 0.0 0.0 0.0 0.0 0.0 0.0 0.0 0.0 0.0 0.0 0.0 0.0 0.0 0.0 0.0 0.0 0.0 0.0 0.0 0.0 0.0 0.0 0.0 0.0 	3
0.0 0.0 2.200411 0.0 0.0 0.0 0.0 0.0 0.0 0.78703576 0.0 0.69678456 0.0 0.0 0.6360819 7.272725 0.0 0.0 0.0 1.0704153 0.8201156 0.0 0.0 0.0 0.0 0.0 0.0 0.0 0.6301744 0.0 0.0 0.0 0.0 0.0 0.0 0.0 0.0 0.0 0.0 0.0 0.0 0.0 0.0 0.0 0.0 	3
0.0 0.0 11.002055 0.0 1.1821645 0.0 0.0 2.5266817 0.0 0.0 0.0 2.0903537 1.3157966 1.2961172 3.8164911 1.8181813 0.0 0.0 0.0 0.0 0.0 0.0 0.0 0.0 0.0 0.0 0.0 0.0 1.2603488 0.0 0.0 0.0 0.0 0.0 0.0 0.0 0.0 1.2297595 1.1826506 0.0 0.0 0.0 0.0 0.0 0.0 	3
0.0 0.0 2.200411 0.0 0.0 0.0 0.0 1.6844544 0.0 0.0 0.0 0.0 0.0 0.6480586 0.6360819 0.0 0.0 0.0 0.0 0.0 0.0 0.0 0.0 0.0 0.0 0.0 0.0 0.0 0.0 0.0 0.0 0.0 0.0 0.0 0.0 0.0 0.0 0.0 1.1826506 0.0 0.0 0.0 0.93027836 0.0 0.0 	3
0.0 0.0 4.400822 0.0 0.0 0.0 0.0 0.0 0.0 0.0 0.0 0.0 0.0 2.5922344 0.0 0.0 0.0 0.0 0.0 0.0 0.0 0.0 0.0 0.0 0.0 0.0 0.0 0.0 0.0 0.0 0.0 0.0 0.0 0.0 0.0 0.0 0.0 0.0 0.0 0.0 0.0 0.0 0.0 0.0 0.0 	3
0.0 0.0 4.400822 0.0 0.0 0.0 0.0 0.8422272 0.0 0.0 0.0 0.0 0.0 0.0 0.0 0.0 0.0 0.0 0.0 0.0 0.0 0.0 0.0 0.0 0.0 0.0 0.0 0.0 0.0 0.0 0.0 0.0 0.0 0.0 0.0 0.0 0.0 0.0 0.0 0.0 0.0 0.0 0.0 0.0 0.0 	3
0.0 0.0 2.200411 0.0 0.0 0.0 0.0 0.0 0.0 0.0 0.0 0.69678456 0.0 0.0 0.6360819 0.0 0.0 0.0 0.0 0.0 0.0 0.0 0.0 0.0 0.0 0.0 0.0 0.0 0.0 0.0 0.0 0.0 0.0 0.0 0.0 0.0 0.0 0.0 0.0 0.0 0.0 0.0 0.0 0.0 0.0 	3
0.0 0.0 0.0 0.0 0.0 0.0 0.0 2.5266817 0.0 0.0 0.0 0.0 0.0 0.0 0.0 0.0 0.0 0.0 0.0 0.0 0.0 0.0 0.0 0.0 0.0 0.0 0.0 0.0 0.0 0.0 0.0 0.0 0.0 0.0 0.0 0.0 0.0 0.0 0.0 0.0 0.0 0.0 0.0 0.907024 0.0 	3
0.0 0.0 4.400822 0.0 0.0 0.0 0.0 1.6844544 0.0 0.0 0.0 0.0 0.0 1.9441757 0.6360819 0.0 0.0 0.0 0.0 1.0704153 0.0 0.0 0.0 0.0 0.0 0.0 0.0 0.0 0.0 0.0 0.0 2.7721689 0.0 0.0 0.0 0.0 0.0 0.0 0.0 1.171695 0.0 0.0 0.0 0.0 0.0 	3
0.0 0.0 4.400822 0.0 0.0 0.0 0.0 0.0 0.0 0.0 0.0 0.0 0.0 0.0 1.2721637 0.0 0.0 0.0 0.0 0.0 0.0 0.0 0.0 0.0 0.0 0.0 0.0 0.0 0.0 0.0 0.0 0.0 0.0 0.0 0.0 0.0 0.0 0.0 0.0 0.0 0.0 0.0 0.0 0.0 0.0 	3
